0.00000e+00 9.46730e-01 1.27570e+00 1.71897e+00 2.31628e+00 3.12115e+00 4.20568e+00 5.66707e+00 7.63626e+00 1.02897e+01 1.38651e+01 1.86830e+01 2.51749e+01 3.39227e+01 4.57101e+01 6.15935e+01 8.29959e+01 1.11835e+02 1.50696e+02 2.03059e+02 2.73618e+02 3.68695e+02 4.96808e+02 6.69439e+02 9.02055e+02 1.21550e+03 1.63786e+03 2.20698e+03 2.97387e+03 4.00722e+03 5.39965e+03 7.27591e+03 9.80414e+03 1.32109e+04 1.78014e+04 2.39870e+04 3.23220e+04 4.35532e+04
6.60000e+00 0.00000e+00 0.00000e+00 7.85379e-07 0.00000e+00 0.00000e+00 0.00000e+00 0.00000e+00 0.00000e+00 0.00000e+00 0.00000e+00 0.00000e+00 0.00000e+00 0.00000e+00 0.00000e+00 0.00000e+00 0.00000e+00 0.00000e+00 0.00000e+00 0.00000e+00 0.00000e+00 0.00000e+00 0.00000e+00 0.00000e+00 0.00000e+00 0.00000e+00 0.00000e+00 0.00000e+00 0.00000e+00 0.00000e+00 0.00000e+00 0.00000e+00 0.00000e+00 0.00000e+00 0.00000e+00 0.00000e+00 0.00000e+00 0.00000e+00
6.80000e+00 0.00000e+00 9.78673e-07 2.14726e-05 0.00000e+00 0.00000e+00 0.00000e+00 0.00000e+00 0.00000e+00 0.00000e+00 0.00000e+00 0.00000e+00 0.00000e+00 0.00000e+00 0.00000e+00 0.00000e+00 0.00000e+00 0.00000e+00 0.00000e+00 0.00000e+00 0.00000e+00 0.00000e+00 0.00000e+00 0.00000e+00 0.00000e+00 0.00000e+00 0.00000e+00 0.00000e+00 0.00000e+00 0.00000e+00 0.00000e+00 0.00000e+00 0.00000e+00 0.00000e+00 0.00000e+00 0.00000e+00 0.00000e+00 0.00000e+00
7.00000e+00 0.00000e+00 3.42274e-07 4.22711e-05 1.16413e-06 0.00000e+00 0.00000e+00 0.00000e+00 0.00000e+00 0.00000e+00 0.00000e+00 0.00000e+00 0.00000e+00 0.00000e+00 0.00000e+00 0.00000e+00 0.00000e+00 0.00000e+00 0.00000e+00 0.00000e+00 0.00000e+00 0.00000e+00 0.00000e+00 0.00000e+00 0.00000e+00 0.00000e+00 0.00000e+00 0.00000e+00 0.00000e+00 0.00000e+00 0.00000e+00 0.00000e+00 0.00000e+00 0.00000e+00 0.00000e+00 0.00000e+00 0.00000e+00 0.00000e+00
7.20000e+00 0.00000e+00 1.88639e-07 5.14984e-05 1.75414e-05 0.00000e+00 0.00000e+00 0.00000e+00 0.00000e+00 0.00000e+00 0.00000e+00 0.00000e+00 0.00000e+00 0.00000e+00 0.00000e+00 0.00000e+00 0.00000e+00 0.00000e+00 0.00000e+00 0.00000e+00 0.00000e+00 0.00000e+00 0.00000e+00 0.00000e+00 0.00000e+00 0.00000e+00 0.00000e+00 0.00000e+00 0.00000e+00 0.00000e+00 0.00000e+00 0.00000e+00 0.00000e+00 0.00000e+00 0.00000e+00 0.00000e+00 0.00000e+00 0.00000e+00
7.40000e+00 0.00000e+00 7.70160e-08 4.01633e-05 4.26286e-05 0.00000e+00 0.00000e+00 0.00000e+00 0.00000e+00 0.00000e+00 0.00000e+00 0.00000e+00 0.00000e+00 0.00000e+00 0.00000e+00 0.00000e+00 0.00000e+00 0.00000e+00 0.00000e+00 0.00000e+00 0.00000e+00 0.00000e+00 0.00000e+00 0.00000e+00 0.00000e+00 0.00000e+00 0.00000e+00 0.00000e+00 0.00000e+00 0.00000e+00 0.00000e+00 0.00000e+00 0.00000e+00 0.00000e+00 0.00000e+00 0.00000e+00 0.00000e+00 0.00000e+00
7.60000e+00 0.00000e+00 6.21214e-08 3.22317e-05 6.75843e-05 1.79480e-09 0.00000e+00 0.00000e+00 0.00000e+00 0.00000e+00 0.00000e+00 0.00000e+00 0.00000e+00 0.00000e+00 0.00000e+00 0.00000e+00 0.00000e+00 0.00000e+00 0.00000e+00 0.00000e+00 0.00000e+00 0.00000e+00 0.00000e+00 0.00000e+00 0.00000e+00 0.00000e+00 0.00000e+00 0.00000e+00 0.00000e+00 0.00000e+00 0.00000e+00 0.00000e+00 0.00000e+00 0.00000e+00 0.00000e+00 0.00000e+00 0.00000e+00 0.00000e+00
7.80000e+00 0.00000e+00 5.56520e-08 2.29159e-05 8.69131e-05 2.26456e-06 0.00000e+00 0.00000e+00 0.00000e+00 0.00000e+00 0.00000e+00 0.00000e+00 0.00000e+00 0.00000e+00 0.00000e+00 0.00000e+00 0.00000e+00 0.00000e+00 0.00000e+00 0.00000e+00 0.00000e+00 0.00000e+00 0.00000e+00 0.00000e+00 0.00000e+00 0.00000e+00 0.00000e+00 0.00000e+00 0.00000e+00 0.00000e+00 0.00000e+00 0.00000e+00 0.00000e+00 0.00000e+00 0.00000e+00 0.00000e+00 0.00000e+00 0.00000e+00
8.00000e+00 0.00000e+00 1.97343e-08 1.73285e-05 9.31282e-05 1.12118e-05 0.00000e+00 0.00000e+00 0.00000e+00 0.00000e+00 0.00000e+00 0.00000e+00 0.00000e+00 0.00000e+00 0.00000e+00 0.00000e+00 0.00000e+00 0.00000e+00 0.00000e+00 0.00000e+00 0.00000e+00 0.00000e+00 0.00000e+00 0.00000e+00 0.00000e+00 0.00000e+00 0.00000e+00 0.00000e+00 0.00000e+00 0.00000e+00 0.00000e+00 0.00000e+00 0.00000e+00 0.00000e+00 0.00000e+00 0.00000e+00 0.00000e+00 0.00000e+00
8.20000e+00 0.00000e+00 5.82825e-09 1.47300e-05 8.97945e-05 2.64183e-05 0.00000e+00 0.00000e+00 0.00000e+00 0.00000e+00 0.00000e+00 0.00000e+00 0.00000e+00 0.00000e+00 0.00000e+00 0.00000e+00 0.00000e+00 0.00000e+00 0.00000e+00 0.00000e+00 0.00000e+00 0.00000e+00 0.00000e+00 0.00000e+00 0.00000e+00 0.00000e+00 0.00000e+00 0.00000e+00 0.00000e+00 0.00000e+00 0.00000e+00 0.00000e+00 0.00000e+00 0.00000e+00 0.00000e+00 0.00000e+00 0.00000e+00 0.00000e+00
8.50000e+00 0.00000e+00 1.67527e-08 1.05149e-05 8.06611e-05 4.94697e-05 0.00000e+00 0.00000e+00 0.00000e+00 0.00000e+00 0.00000e+00 0.00000e+00 0.00000e+00 0.00000e+00 0.00000e+00 0.00000e+00 0.00000e+00 0.00000e+00 0.00000e+00 0.00000e+00 0.00000e+00 0.00000e+00 0.00000e+00 0.00000e+00 0.00000e+00 0.00000e+00 0.00000e+00 0.00000e+00 0.00000e+00 0.00000e+00 0.00000e+00 0.00000e+00 0.00000e+00 0.00000e+00 0.00000e+00 0.00000e+00 0.00000e+00 0.00000e+00
8.80000e+00 0.00000e+00 5.97271e-09 7.09411e-06 6.99298e-05 7.23933e-05 5.30507e-08 0.00000e+00 0.00000e+00 0.00000e+00 0.00000e+00 0.00000e+00 0.00000e+00 0.00000e+00 0.00000e+00 0.00000e+00 0.00000e+00 0.00000e+00 0.00000e+00 0.00000e+00 0.00000e+00 0.00000e+00 0.00000e+00 0.00000e+00 0.00000e+00 0.00000e+00 0.00000e+00 0.00000e+00 0.00000e+00 0.00000e+00 0.00000e+00 0.00000e+00 0.00000e+00 0.00000e+00 0.00000e+00 0.00000e+00 0.00000e+00 0.00000e+00
9.00000e+00 0.00000e+00 2.36635e-09 5.55107e-06 6.58380e-05 8.38371e-05 1.19141e-06 0.00000e+00 0.00000e+00 0.00000e+00 0.00000e+00 0.00000e+00 0.00000e+00 0.00000e+00 0.00000e+00 0.00000e+00 0.00000e+00 0.00000e+00 0.00000e+00 0.00000e+00 0.00000e+00 0.00000e+00 0.00000e+00 0.00000e+00 0.00000e+00 0.00000e+00 0.00000e+00 0.00000e+00 0.00000e+00 0.00000e+00 0.00000e+00 0.00000e+00 0.00000e+00 0.00000e+00 0.00000e+00 0.00000e+00 0.00000e+00 0.00000e+00
9.20000e+00 0.00000e+00 5.50561e-09 3.98089e-06 6.12233e-05 9.27019e-05 5.38351e-06 0.00000e+00 0.00000e+00 0.00000e+00 0.00000e+00 0.00000e+00 0.00000e+00 0.00000e+00 0.00000e+00 0.00000e+00 0.00000e+00 0.00000e+00 0.00000e+00 0.00000e+00 0.00000e+00 0.00000e+00 0.00000e+00 0.00000e+00 0.00000e+00 0.00000e+00 0.00000e+00 0.00000e+00 0.00000e+00 0.00000e+00 0.00000e+00 0.00000e+00 0.00000e+00 0.00000e+00 0.00000e+00 0.00000e+00 0.00000e+00 0.00000e+00
9.50000e+00 0.00000e+00 0.00000e+00 3.22580e-06 4.79669e-05 9.44607e-05 1.49372e-05 0.00000e+00 0.00000e+00 0.00000e+00 0.00000e+00 0.00000e+00 0.00000e+00 0.00000e+00 0.00000e+00 0.00000e+00 0.00000e+00 0.00000e+00 0.00000e+00 0.00000e+00 0.00000e+00 0.00000e+00 0.00000e+00 0.00000e+00 0.00000e+00 0.00000e+00 0.00000e+00 0.00000e+00 0.00000e+00 0.00000e+00 0.00000e+00 0.00000e+00 0.00000e+00 0.00000e+00 0.00000e+00 0.00000e+00 0.00000e+00 0.00000e+00
9.80000e+00 0.00000e+00 0.00000e+00 2.19038e-06 3.97642e-05 9.20337e-05 2.73160e-05 0.00000e+00 0.00000e+00 0.00000e+00 0.00000e+00 0.00000e+00 0.00000e+00 0.00000e+00 0.00000e+00 0.00000e+00 0.00000e+00 0.00000e+00 0.00000e+00 0.00000e+00 0.00000e+00 0.00000e+00 0.00000e+00 0.00000e+00 0.00000e+00 0.00000e+00 0.00000e+00 0.00000e+00 0.00000e+00 0.00000e+00 0.00000e+00 0.00000e+00 0.00000e+00 0.00000e+00 0.00000e+00 0.00000e+00 0.00000e+00 0.00000e+00
1.00000e+01 0.00000e+00 8.26240e-10 1.34979e-06 3.34804e-05 9.02261e-05 3.57085e-05 0.00000e+00 0.00000e+00 0.00000e+00 0.00000e+00 0.00000e+00 0.00000e+00 0.00000e+00 0.00000e+00 0.00000e+00 0.00000e+00 0.00000e+00 0.00000e+00 0.00000e+00 0.00000e+00 0.00000e+00 0.00000e+00 0.00000e+00 0.00000e+00 0.00000e+00 0.00000e+00 0.00000e+00 0.00000e+00 0.00000e+00 0.00000e+00 0.00000e+00 0.00000e+00 0.00000e+00 0.00000e+00 0.00000e+00 0.00000e+00 0.00000e+00
1.10000e+01 0.00000e+00 1.80713e-10 4.73108e-07 2.05260e-05 6.88896e-05 6.96397e-05 3.56144e-06 0.00000e+00 0.00000e+00 0.00000e+00 0.00000e+00 0.00000e+00 0.00000e+00 0.00000e+00 0.00000e+00 0.00000e+00 0.00000e+00 0.00000e+00 0.00000e+00 0.00000e+00 0.00000e+00 0.00000e+00 0.00000e+00 0.00000e+00 0.00000e+00 0.00000e+00 0.00000e+00 0.00000e+00 0.00000e+00 0.00000e+00 0.00000e+00 0.00000e+00 0.00000e+00 0.00000e+00 0.00000e+00 0.00000e+00 0.00000e+00
1.20000e+01 0.00000e+00 0.00000e+00 3.17210e-07 1.36072e-05 5.86202e-05 7.41468e-05 2.12858e-05 0.00000e+00 0.00000e+00 0.00000e+00 0.00000e+00 0.00000e+00 0.00000e+00 0.00000e+00 0.00000e+00 0.00000e+00 0.00000e+00 0.00000e+00 0.00000e+00 0.00000e+00 0.00000e+00 0.00000e+00 0.00000e+00 0.00000e+00 0.00000e+00 0.00000e+00 0.00000e+00 0.00000e+00 0.00000e+00 0.00000e+00 0.00000e+00 0.00000e+00 0.00000e+00 0.00000e+00 0.00000e+00 0.00000e+00 0.00000e+00
1.30000e+01 0.00000e+00 0.00000e+00 2.01666e-07 9.26444e-06 4.83940e-05 7.03211e-05 3.94387e-05 1.97079e-07 0.00000e+00 0.00000e+00 0.00000e+00 0.00000e+00 0.00000e+00 0.00000e+00 0.00000e+00 0.00000e+00 0.00000e+00 0.00000e+00 0.00000e+00 0.00000e+00 0.00000e+00 0.00000e+00 0.00000e+00 0.00000e+00 0.00000e+00 0.00000e+00 0.00000e+00 0.00000e+00 0.00000e+00 0.00000e+00 0.00000e+00 0.00000e+00 0.00000e+00 0.00000e+00 0.00000e+00 0.00000e+00 0.00000e+00
1.40000e+01 0.00000e+00 0.00000e+00 3.50675e-07 7.17777e-06 4.08761e-05 6.77278e-05 4.74116e-05 3.25928e-06 0.00000e+00 0.00000e+00 0.00000e+00 0.00000e+00 0.00000e+00 0.00000e+00 0.00000e+00 0.00000e+00 0.00000e+00 0.00000e+00 0.00000e+00 0.00000e+00 0.00000e+00 0.00000e+00 0.00000e+00 0.00000e+00 0.00000e+00 0.00000e+00 0.00000e+00 0.00000e+00 0.00000e+00 0.00000e+00 0.00000e+00 0.00000e+00 0.00000e+00 0.00000e+00 0.00000e+00 0.00000e+00 0.00000e+00
1.50000e+01 0.00000e+00 2.89695e-09 2.12077e-07 5.91469e-06 3.54284e-05 6.54137e-05 5.15988e-05 7.91988e-06 0.00000e+00 0.00000e+00 0.00000e+00 0.00000e+00 0.00000e+00 0.00000e+00 0.00000e+00 0.00000e+00 0.00000e+00 0.00000e+00 0.00000e+00 0.00000e+00 0.00000e+00 0.00000e+00 0.00000e+00 0.00000e+00 0.00000e+00 0.00000e+00 0.00000e+00 0.00000e+00 0.00000e+00 0.00000e+00 0.00000e+00 0.00000e+00 0.00000e+00 0.00000e+00 0.00000e+00 0.00000e+00 0.00000e+00
1.60000e+01 0.00000e+00 0.00000e+00 1.98511e-07 4.58877e-06 3.00610e-05 6.31164e-05 5.29834e-05 1.44937e-05 9.90700e-09 0.00000e+00 0.00000e+00 0.00000e+00 0.00000e+00 0.00000e+00 0.00000e+00 0.00000e+00 0.00000e+00 0.00000e+00 0.00000e+00 0.00000e+00 0.00000e+00 0.00000e+00 0.00000e+00 0.00000e+00 0.00000e+00 0.00000e+00 0.00000e+00 0.00000e+00 0.00000e+00 0.00000e+00 0.00000e+00 0.00000e+00 0.00000e+00 0.00000e+00 0.00000e+00 0.00000e+00 0.00000e+00
1.70000e+01 0.00000e+00 3.09411e-09 2.64445e-07 4.25050e-06 2.58810e-05 5.95592e-05 5.51791e-05 2.02929e-05 2.56329e-07 0.00000e+00 0.00000e+00 0.00000e+00 0.00000e+00 0.00000e+00 0.00000e+00 0.00000e+00 0.00000e+00 0.00000e+00 0.00000e+00 0.00000e+00 0.00000e+00 0.00000e+00 0.00000e+00 0.00000e+00 0.00000e+00 0.00000e+00 0.00000e+00 0.00000e+00 0.00000e+00 0.00000e+00 0.00000e+00 0.00000e+00 0.00000e+00 0.00000e+00 0.00000e+00 0.00000e+00 0.00000e+00
1.80000e+01 0.00000e+00 0.00000e+00 3.06636e-07 4.30296e-06 2.32281e-05 5.82398e-05 5.89162e-05 2.66520e-05 1.11843e-06 0.00000e+00 0.00000e+00 0.00000e+00 0.00000e+00 0.00000e+00 0.00000e+00 0.00000e+00 0.00000e+00 0.00000e+00 0.00000e+00 0.00000e+00 0.00000e+00 0.00000e+00 0.00000e+00 0.00000e+00 0.00000e+00 0.00000e+00 0.00000e+00 0.00000e+00 0.00000e+00 0.00000e+00 0.00000e+00 0.00000e+00 0.00000e+00 0.00000e+00 0.00000e+00 0.00000e+00 0.00000e+00
1.90000e+01 0.00000e+00 0.00000e+00 2.89528e-07 4.05382e-06 2.03385e-05 5.33692e-05 6.07015e-05 3.15056e-05 2.82161e-06 0.00000e+00 0.00000e+00 0.00000e+00 0.00000e+00 0.00000e+00 0.00000e+00 0.00000e+00 0.00000e+00 0.00000e+00 0.00000e+00 0.00000e+00 0.00000e+00 0.00000e+00 0.00000e+00 0.00000e+00 0.00000e+00 0.00000e+00 0.00000e+00 0.00000e+00 0.00000e+00 0.00000e+00 0.00000e+00 0.00000e+00 0.00000e+00 0.00000e+00 0.00000e+00 0.00000e+00 0.00000e+00
2.00000e+01 0.00000e+00 0.00000e+00 1.82814e-07 3.61078e-06 1.87143e-05 5.01000e-05 6.35420e-05 3.62122e-05 5.74072e-06 1.30962e-11 0.00000e+00 0.00000e+00 0.00000e+00 0.00000e+00 0.00000e+00 0.00000e+00 0.00000e+00 0.00000e+00 0.00000e+00 0.00000e+00 0.00000e+00 0.00000e+00 0.00000e+00 0.00000e+00 0.00000e+00 0.00000e+00 0.00000e+00 0.00000e+00 0.00000e+00 0.00000e+00 0.00000e+00 0.00000e+00 0.00000e+00 0.00000e+00 0.00000e+00 0.00000e+00 0.00000e+00
2.10000e+01 0.00000e+00 0.00000e+00 2.34956e-07 3.78613e-06 1.71745e-05 4.65976e-05 6.22095e-05 4.03232e-05 9.37928e-06 1.10743e-08 0.00000e+00 0.00000e+00 0.00000e+00 0.00000e+00 0.00000e+00 0.00000e+00 0.00000e+00 0.00000e+00 0.00000e+00 0.00000e+00 0.00000e+00 0.00000e+00 0.00000e+00 0.00000e+00 0.00000e+00 0.00000e+00 0.00000e+00 0.00000e+00 0.00000e+00 0.00000e+00 0.00000e+00 0.00000e+00 0.00000e+00 0.00000e+00 0.00000e+00 0.00000e+00 0.00000e+00
2.30000e+01 0.00000e+00 0.00000e+00 3.42326e-07 2.93861e-06 1.49329e-05 4.02028e-05 6.15301e-05 4.97288e-05 1.77127e-05 5.45153e-07 0.00000e+00 0.00000e+00 0.00000e+00 0.00000e+00 0.00000e+00 0.00000e+00 0.00000e+00 0.00000e+00 0.00000e+00 0.00000e+00 0.00000e+00 0.00000e+00 0.00000e+00 0.00000e+00 0.00000e+00 0.00000e+00 0.00000e+00 0.00000e+00 0.00000e+00 0.00000e+00 0.00000e+00 0.00000e+00 0.00000e+00 0.00000e+00 0.00000e+00 0.00000e+00 0.00000e+00
2.50000e+01 0.00000e+00 4.36126e-09 3.62294e-07 3.42215e-06 1.28491e-05 3.63721e-05 5.95096e-05 5.56780e-05 2.59847e-05 2.54786e-06 0.00000e+00 0.00000e+00 0.00000e+00 0.00000e+00 0.00000e+00 0.00000e+00 0.00000e+00 0.00000e+00 0.00000e+00 0.00000e+00 0.00000e+00 0.00000e+00 0.00000e+00 0.00000e+00 0.00000e+00 0.00000e+00 0.00000e+00 0.00000e+00 0.00000e+00 0.00000e+00 0.00000e+00 0.00000e+00 0.00000e+00 0.00000e+00 0.00000e+00 0.00000e+00 0.00000e+00
2.70000e+01 0.00000e+00 6.59396e-10 5.83389e-07 2.26838e-06 1.20343e-05 3.23047e-05 5.67181e-05 5.95781e-05 3.35952e-05 6.49743e-06 4.14119e-09 0.00000e+00 0.00000e+00 0.00000e+00 0.00000e+00 0.00000e+00 0.00000e+00 0.00000e+00 0.00000e+00 0.00000e+00 0.00000e+00 0.00000e+00 0.00000e+00 0.00000e+00 0.00000e+00 0.00000e+00 0.00000e+00 0.00000e+00 0.00000e+00 0.00000e+00 0.00000e+00 0.00000e+00 0.00000e+00 0.00000e+00 0.00000e+00 0.00000e+00 0.00000e+00
2.90000e+01 0.00000e+00 0.00000e+00 3.18094e-07 2.55544e-06 1.10062e-05 2.81522e-05 5.36031e-05 6.12076e-05 3.99198e-05 1.14131e-05 1.83178e-07 0.00000e+00 0.00000e+00 0.00000e+00 0.00000e+00 0.00000e+00 0.00000e+00 0.00000e+00 0.00000e+00 0.00000e+00 0.00000e+00 0.00000e+00 0.00000e+00 0.00000e+00 0.00000e+00 0.00000e+00 0.00000e+00 0.00000e+00 0.00000e+00 0.00000e+00 0.00000e+00 0.00000e+00 0.00000e+00 0.00000e+00 0.00000e+00 0.00000e+00 0.00000e+00
3.20000e+01 0.00000e+00 0.00000e+00 1.14895e-07 2.17773e-06 9.17376e-06 2.44835e-05 4.69644e-05 6.00246e-05 4.77671e-05 1.93953e-05 1.56007e-06 0.00000e+00 0.00000e+00 0.00000e+00 0.00000e+00 0.00000e+00 0.00000e+00 0.00000e+00 0.00000e+00 0.00000e+00 0.00000e+00 0.00000e+00 0.00000e+00 0.00000e+00 0.00000e+00 0.00000e+00 0.00000e+00 0.00000e+00 0.00000e+00 0.00000e+00 0.00000e+00 0.00000e+00 0.00000e+00 0.00000e+00 0.00000e+00 0.00000e+00 0.00000e+00
3.40000e+01 0.00000e+00 1.15320e-09 3.16550e-07 1.89562e-06 8.04762e-06 2.23219e-05 4.39992e-05 6.03395e-05 5.22129e-05 2.52196e-05 3.50384e-06 4.72373e-12 0.00000e+00 0.00000e+00 0.00000e+00 0.00000e+00 0.00000e+00 0.00000e+00 0.00000e+00 0.00000e+00 0.00000e+00 0.00000e+00 0.00000e+00 0.00000e+00 0.00000e+00 0.00000e+00 0.00000e+00 0.00000e+00 0.00000e+00 0.00000e+00 0.00000e+00 0.00000e+00 0.00000e+00 0.00000e+00 0.00000e+00 0.00000e+00 0.00000e+00
3.70000e+01 0.00000e+00 4.69961e-09 2.65557e-07 1.82610e-06 7.06168e-06 2.04722e-05 4.02175e-05 5.62888e-05 5.58407e-05 3.19857e-05 7.71995e-06 6.01015e-08 0.00000e+00 0.00000e+00 0.00000e+00 0.00000e+00 0.00000e+00 0.00000e+00 0.00000e+00 0.00000e+00 0.00000e+00 0.00000e+00 0.00000e+00 0.00000e+00 0.00000e+00 0.00000e+00 0.00000e+00 0.00000e+00 0.00000e+00 0.00000e+00 0.00000e+00 0.00000e+00 0.00000e+00 0.00000e+00 0.00000e+00 0.00000e+00 0.00000e+00
4.00000e+01 0.00000e+00 3.93674e-09 1.87487e-07 1.22980e-06 7.02859e-06 1.75472e-05 3.68050e-05 5.38357e-05 5.68097e-05 3.79556e-05 1.26855e-05 5.63944e-07 0.00000e+00 0.00000e+00 0.00000e+00 0.00000e+00 0.00000e+00 0.00000e+00 0.00000e+00 0.00000e+00 0.00000e+00 0.00000e+00 0.00000e+00 0.00000e+00 0.00000e+00 0.00000e+00 0.00000e+00 0.00000e+00 0.00000e+00 0.00000e+00 0.00000e+00 0.00000e+00 0.00000e+00 0.00000e+00 0.00000e+00 0.00000e+00 0.00000e+00
4.40000e+01 0.00000e+00 3.11324e-09 8.42190e-08 1.25036e-06 5.77882e-06 1.55693e-05 3.26737e-05 4.95084e-05 5.56193e-05 4.36656e-05 1.98327e-05 2.38863e-06 0.00000e+00 0.00000e+00 0.00000e+00 0.00000e+00 0.00000e+00 0.00000e+00 0.00000e+00 0.00000e+00 0.00000e+00 0.00000e+00 0.00000e+00 0.00000e+00 0.00000e+00 0.00000e+00 0.00000e+00 0.00000e+00 0.00000e+00 0.00000e+00 0.00000e+00 0.00000e+00 0.00000e+00 0.00000e+00 0.00000e+00 0.00000e+00 0.00000e+00
4.70000e+01 0.00000e+00 3.59751e-09 1.59352e-07 1.51559e-06 5.23869e-06 1.45702e-05 3.04183e-05 4.73800e-05 5.62174e-05 4.60153e-05 2.43472e-05 4.80355e-06 1.48680e-08 0.00000e+00 0.00000e+00 0.00000e+00 0.00000e+00 0.00000e+00 0.00000e+00 0.00000e+00 0.00000e+00 0.00000e+00 0.00000e+00 0.00000e+00 0.00000e+00 0.00000e+00 0.00000e+00 0.00000e+00 0.00000e+00 0.00000e+00 0.00000e+00 0.00000e+00 0.00000e+00 0.00000e+00 0.00000e+00 0.00000e+00 0.00000e+00
5.10000e+01 0.00000e+00 9.95825e-08 1.46176e-07 1.04294e-06 5.25754e-06 1.33620e-05 2.71327e-05 4.32294e-05 5.33115e-05 4.89762e-05 2.95500e-05 8.93557e-06 2.49298e-07 0.00000e+00 0.00000e+00 0.00000e+00 0.00000e+00 0.00000e+00 0.00000e+00 0.00000e+00 0.00000e+00 0.00000e+00 0.00000e+00 0.00000e+00 0.00000e+00 0.00000e+00 0.00000e+00 0.00000e+00 0.00000e+00 0.00000e+00 0.00000e+00 0.00000e+00 0.00000e+00 0.00000e+00 0.00000e+00 0.00000e+00 0.00000e+00
5.50000e+01 0.00000e+00 3.79255e-09 9.58956e-08 1.31753e-06 4.00536e-06 1.13894e-05 2.38688e-05 4.11917e-05 5.21113e-05 4.99708e-05 3.44347e-05 1.31370e-05 9.87903e-07 0.00000e+00 0.00000e+00 0.00000e+00 0.00000e+00 0.00000e+00 0.00000e+00 0.00000e+00 0.00000e+00 0.00000e+00 0.00000e+00 0.00000e+00 0.00000e+00 0.00000e+00 0.00000e+00 0.00000e+00 0.00000e+00 0.00000e+00 0.00000e+00 0.00000e+00 0.00000e+00 0.00000e+00 0.00000e+00 0.00000e+00 0.00000e+00
6.00000e+01 0.00000e+00 2.73986e-09 1.13214e-07 1.22231e-06 4.34121e-06 1.12817e-05 2.15356e-05 3.68539e-05 4.85836e-05 5.00119e-05 3.80768e-05 1.82898e-05 2.90573e-06 1.77039e-09 0.00000e+00 0.00000e+00 0.00000e+00 0.00000e+00 0.00000e+00 0.00000e+00 0.00000e+00 0.00000e+00 0.00000e+00 0.00000e+00 0.00000e+00 0.00000e+00 0.00000e+00 0.00000e+00 0.00000e+00 0.00000e+00 0.00000e+00 0.00000e+00 0.00000e+00 0.00000e+00 0.00000e+00 0.00000e+00 0.00000e+00
6.50000e+01 0.00000e+00 6.32869e-10 2.96194e-07 9.85796e-07 3.60687e-06 9.70714e-06 2.01480e-05 3.35250e-05 4.65828e-05 4.99614e-05 4.06148e-05 2.28635e-05 5.92997e-06 1.00325e-07 0.00000e+00 0.00000e+00 0.00000e+00 0.00000e+00 0.00000e+00 0.00000e+00 0.00000e+00 0.00000e+00 0.00000e+00 0.00000e+00 0.00000e+00 0.00000e+00 0.00000e+00 0.00000e+00 0.00000e+00 0.00000e+00 0.00000e+00 0.00000e+00 0.00000e+00 0.00000e+00 0.00000e+00 0.00000e+00 0.00000e+00
7.00000e+01 0.00000e+00 2.81165e-10 1.84207e-07 6.92710e-07 3.17782e-06 9.33166e-06 1.77905e-05 3.18646e-05 4.27360e-05 4.80802e-05 4.15724e-05 2.64986e-05 8.93879e-06 4.91549e-07 0.00000e+00 0.00000e+00 0.00000e+00 0.00000e+00 0.00000e+00 0.00000e+00 0.00000e+00 0.00000e+00 0.00000e+00 0.00000e+00 0.00000e+00 0.00000e+00 0.00000e+00 0.00000e+00 0.00000e+00 0.00000e+00 0.00000e+00 0.00000e+00 0.00000e+00 0.00000e+00 0.00000e+00 0.00000e+00 0.00000e+00
7.60000e+01 0.00000e+00 4.52455e-09 1.17454e-07 9.36752e-07 3.35571e-06 8.06398e-06 1.73073e-05 2.87104e-05 3.96838e-05 4.63928e-05 4.23301e-05 2.97744e-05 1.30775e-05 1.57519e-06 0.00000e+00 0.00000e+00 0.00000e+00 0.00000e+00 0.00000e+00 0.00000e+00 0.00000e+00 0.00000e+00 0.00000e+00 0.00000e+00 0.00000e+00 0.00000e+00 0.00000e+00 0.00000e+00 0.00000e+00 0.00000e+00 0.00000e+00 0.00000e+00 0.00000e+00 0.00000e+00 0.00000e+00 0.00000e+00 0.00000e+00
8.20000e+01 0.00000e+00 9.18868e-09 1.85630e-07 8.24667e-07 3.12739e-06 7.86118e-06 1.52477e-05 2.69284e-05 3.63036e-05 4.32304e-05 4.25506e-05 3.26078e-05 1.68326e-05 3.48211e-06 1.56703e-08 0.00000e+00 0.00000e+00 0.00000e+00 0.00000e+00 0.00000e+00 0.00000e+00 0.00000e+00 0.00000e+00 0.00000e+00 0.00000e+00 0.00000e+00 0.00000e+00 0.00000e+00 0.00000e+00 0.00000e+00 0.00000e+00 0.00000e+00 0.00000e+00 0.00000e+00 0.00000e+00 0.00000e+00 0.00000e+00
8.90000e+01 0.00000e+00 2.32622e-08 9.91814e-08 6.89942e-07 3.19075e-06 6.95426e-06 1.40542e-05 2.45628e-05 3.47665e-05 4.13885e-05 4.13384e-05 3.42780e-05 2.03335e-05 6.20364e-06 1.92481e-07 0.00000e+00 0.00000e+00 0.00000e+00 0.00000e+00 0.00000e+00 0.00000e+00 0.00000e+00 0.00000e+00 0.00000e+00 0.00000e+00 0.00000e+00 0.00000e+00 0.00000e+00 0.00000e+00 0.00000e+00 0.00000e+00 0.00000e+00 0.00000e+00 0.00000e+00 0.00000e+00 0.00000e+00 0.00000e+00
9.70000e+01 0.00000e+00 1.56059e-07 4.85497e-07 1.19728e-06 2.70063e-06 7.15539e-06 1.32634e-05 2.21670e-05 3.22940e-05 4.00365e-05 4.11223e-05 3.48681e-05 2.32738e-05 9.48868e-06 9.15025e-07 0.00000e+00 0.00000e+00 0.00000e+00 0.00000e+00 0.00000e+00 0.00000e+00 0.00000e+00 0.00000e+00 0.00000e+00 0.00000e+00 0.00000e+00 0.00000e+00 0.00000e+00 0.00000e+00 0.00000e+00 0.00000e+00 0.00000e+00 0.00000e+00 0.00000e+00 0.00000e+00 0.00000e+00 0.00000e+00
1.05000e+02 0.00000e+00 5.43849e-09 1.33714e-07 9.73388e-07 2.22360e-06 7.13322e-06 1.20404e-05 1.99106e-05 2.99750e-05 3.67205e-05 3.96290e-05 3.52163e-05 2.53813e-05 1.25107e-05 2.24252e-06 1.70547e-09 0.00000e+00 0.00000e+00 0.00000e+00 0.00000e+00 0.00000e+00 0.00000e+00 0.00000e+00 0.00000e+00 0.00000e+00 0.00000e+00 0.00000e+00 0.00000e+00 0.00000e+00 0.00000e+00 0.00000e+00 0.00000e+00 0.00000e+00 0.00000e+00 0.00000e+00 0.00000e+00 0.00000e+00
1.13000e+02 2.17318e-09 2.21879e-08 2.02288e-07 1.01434e-06 2.76280e-06 6.09200e-06 1.26596e-05 1.92544e-05 2.79085e-05 3.42602e-05 3.77591e-05 3.52986e-05 2.69366e-05 1.52169e-05 3.95776e-06 6.12757e-08 0.00000e+00 0.00000e+00 0.00000e+00 0.00000e+00 0.00000e+00 0.00000e+00 0.00000e+00 0.00000e+00 0.00000e+00 0.00000e+00 0.00000e+00 0.00000e+00 0.00000e+00 0.00000e+00 0.00000e+00 0.00000e+00 0.00000e+00 0.00000e+00 0.00000e+00 0.00000e+00 0.00000e+00
1.23000e+02 4.60424e-09 6.31939e-08 3.97728e-07 1.31269e-06 2.71843e-06 5.98240e-06 1.11684e-05 1.66801e-05 2.53138e-05 3.25219e-05 3.63502e-05 3.47144e-05 2.79794e-05 1.79609e-05 6.65284e-06 3.74006e-07 0.00000e+00 0.00000e+00 0.00000e+00 0.00000e+00 0.00000e+00 0.00000e+00 0.00000e+00 0.00000e+00 0.00000e+00 0.00000e+00 0.00000e+00 0.00000e+00 0.00000e+00 0.00000e+00 0.00000e+00 0.00000e+00 0.00000e+00 0.00000e+00 0.00000e+00 0.00000e+00 0.00000e+00
1.33000e+02 0.00000e+00 6.23595e-08 2.46417e-07 1.38595e-06 2.76150e-06 6.42296e-06 1.05138e-05 1.69533e-05 2.34656e-05 2.97691e-05 3.35753e-05 3.35748e-05 2.82650e-05 1.95848e-05 8.95476e-06 1.21879e-06 0.00000e+00 0.00000e+00 0.00000e+00 0.00000e+00 0.00000e+00 0.00000e+00 0.00000e+00 0.00000e+00 0.00000e+00 0.00000e+00 0.00000e+00 0.00000e+00 0.00000e+00 0.00000e+00 0.00000e+00 0.00000e+00 0.00000e+00 0.00000e+00 0.00000e+00 0.00000e+00 0.00000e+00
1.44000e+02 0.00000e+00 6.41816e-08 2.43934e-07 1.30189e-06 2.55771e-06 6.38318e-06 1.08571e-05 1.58049e-05 2.16883e-05 2.80579e-05 3.17518e-05 3.27419e-05 2.87959e-05 2.11236e-05 1.09242e-05 2.43315e-06 1.68861e-08 0.00000e+00 0.00000e+00 0.00000e+00 0.00000e+00 0.00000e+00 0.00000e+00 0.00000e+00 0.00000e+00 0.00000e+00 0.00000e+00 0.00000e+00 0.00000e+00 0.00000e+00 0.00000e+00 0.00000e+00 0.00000e+00 0.00000e+00 0.00000e+00 0.00000e+00 0.00000e+00
1.56000e+02 2.73770e-08 3.65827e-08 4.19462e-07 9.05525e-07 3.28482e-06 6.40944e-06 1.05962e-05 1.54409e-05 2.18001e-05 2.64466e-05 3.03504e-05 3.16905e-05 2.80831e-05 2.19075e-05 1.30925e-05 4.18220e-06 1.52132e-07 0.00000e+00 0.00000e+00 0.00000e+00 0.00000e+00 0.00000e+00 0.00000e+00 0.00000e+00 0.00000e+00 0.00000e+00 0.00000e+00 0.00000e+00 0.00000e+00 0.00000e+00 0.00000e+00 0.00000e+00 0.00000e+00 0.00000e+00 0.00000e+00 0.00000e+00 0.00000e+00
1.68000e+02 0.00000e+00 2.26204e-07 5.25723e-07 8.76498e-07 3.34758e-06 6.88490e-06 1.00919e-05 1.39244e-05 2.05208e-05 2.52858e-05 2.91657e-05 3.02023e-05 2.81466e-05 2.27721e-05 1.46160e-05 5.93725e-06 5.17945e-07 0.00000e+00 0.00000e+00 0.00000e+00 0.00000e+00 0.00000e+00 0.00000e+00 0.00000e+00 0.00000e+00 0.00000e+00 0.00000e+00 0.00000e+00 0.00000e+00 0.00000e+00 0.00000e+00 0.00000e+00 0.00000e+00 0.00000e+00 0.00000e+00 0.00000e+00 0.00000e+00
1.82000e+02 0.00000e+00 2.90251e-08 1.89176e-07 1.06323e-06 3.34564e-06 7.07342e-06 1.04022e-05 1.48609e-05 1.89856e-05 2.42540e-05 2.75153e-05 2.85443e-05 2.68294e-05 2.27724e-05 1.60604e-05 7.73185e-06 1.29120e-06 8.49370e-11 0.00000e+00 0.00000e+00 0.00000e+00 0.00000e+00 0.00000e+00 0.00000e+00 0.00000e+00 0.00000e+00 0.00000e+00 0.00000e+00 0.00000e+00 0.00000e+00 0.00000e+00 0.00000e+00 0.00000e+00 0.00000e+00 0.00000e+00 0.00000e+00 0.00000e+00
1.97000e+02 8.25403e-09 1.65587e-07 3.42249e-07 1.12945e-06 2.73507e-06 6.18138e-06 1.01912e-05 1.40527e-05 1.94848e-05 2.25801e-05 2.61049e-05 2.72818e-05 2.62799e-05 2.29192e-05 1.69328e-05 9.51004e-06 2.50557e-06 4.92167e-08 0.00000e+00 0.00000e+00 0.00000e+00 0.00000e+00 0.00000e+00 0.00000e+00 0.00000e+00 0.00000e+00 0.00000e+00 0.00000e+00 0.00000e+00 0.00000e+00 0.00000e+00 0.00000e+00 0.00000e+00 0.00000e+00 0.00000e+00 0.00000e+00 0.00000e+00
2.14000e+02 2.44320e-07 5.02699e-08 2.53419e-07 1.14868e-06 3.39058e-06 6.12412e-06 1.00489e-05 1.40337e-05 1.78964e-05 2.21572e-05 2.48466e-05 2.54593e-05 2.56601e-05 2.27485e-05 1.74134e-05 1.10763e-05 3.94280e-06 2.45707e-07 0.00000e+00 0.00000e+00 0.00000e+00 0.00000e+00 0.00000e+00 0.00000e+00 0.00000e+00 0.00000e+00 0.00000e+00 0.00000e+00 0.00000e+00 0.00000e+00 0.00000e+00 0.00000e+00 0.00000e+00 0.00000e+00 0.00000e+00 0.00000e+00 0.00000e+00
2.31000e+02 0.00000e+00 4.27098e-08 7.28931e-07 1.72729e-06 3.01496e-06 7.41704e-06 1.05611e-05 1.42793e-05 1.77684e-05 2.05211e-05 2.30585e-05 2.46335e-05 2.42848e-05 2.20836e-05 1.80257e-05 1.20849e-05 5.39753e-06 6.60992e-07 0.00000e+00 0.00000e+00 0.00000e+00 0.00000e+00 0.00000e+00 0.00000e+00 0.00000e+00 0.00000e+00 0.00000e+00 0.00000e+00 0.00000e+00 0.00000e+00 0.00000e+00 0.00000e+00 0.00000e+00 0.00000e+00 0.00000e+00 0.00000e+00 0.00000e+00
2.50000e+02 1.16865e-08 8.97031e-08 7.63551e-07 1.47651e-06 3.95804e-06 6.31428e-06 1.01666e-05 1.42042e-05 1.74815e-05 2.03008e-05 2.29371e-05 2.35768e-05 2.33924e-05 2.16564e-05 1.80943e-05 1.31002e-05 6.88738e-06 1.43978e-06 3.09004e-09 0.00000e+00 0.00000e+00 0.00000e+00 0.00000e+00 0.00000e+00 0.00000e+00 0.00000e+00 0.00000e+00 0.00000e+00 0.00000e+00 0.00000e+00 0.00000e+00 0.00000e+00 0.00000e+00 0.00000e+00 0.00000e+00 0.00000e+00 0.00000e+00
2.71000e+02 0.00000e+00 4.44117e-08 5.11291e-07 1.73648e-06 3.79460e-06 7.11650e-06 1.05310e-05 1.42716e-05 1.70079e-05 1.96331e-05 2.15866e-05 2.27369e-05 2.25529e-05 2.08845e-05 1.79640e-05 1.34578e-05 8.02645e-06 2.45878e-06 8.05155e-08 0.00000e+00 0.00000e+00 0.00000e+00 0.00000e+00 0.00000e+00 0.00000e+00 0.00000e+00 0.00000e+00 0.00000e+00 0.00000e+00 0.00000e+00 0.00000e+00 0.00000e+00 0.00000e+00 0.00000e+00 0.00000e+00 0.00000e+00 0.00000e+00
2.93000e+02 1.40292e-09 1.35842e-07 2.96509e-07 1.09726e-06 3.69397e-06 6.76051e-06 1.08363e-05 1.35513e-05 1.67321e-05 1.85943e-05 2.09158e-05 2.20720e-05 2.15065e-05 2.01506e-05 1.74574e-05 1.40065e-05 9.19727e-06 3.66278e-06 3.19530e-07 0.00000e+00 0.00000e+00 0.00000e+00 0.00000e+00 0.00000e+00 0.00000e+00 0.00000e+00 0.00000e+00 0.00000e+00 0.00000e+00 0.00000e+00 0.00000e+00 0.00000e+00 0.00000e+00 0.00000e+00 0.00000e+00 0.00000e+00 0.00000e+00
3.17000e+02 1.79324e-08 6.06755e-08 8.48013e-07 1.39461e-06 4.13511e-06 7.50625e-06 1.13316e-05 1.41305e-05 1.67449e-05 1.87870e-05 2.05120e-05 2.07501e-05 2.06507e-05 1.91308e-05 1.70570e-05 1.40975e-05 9.70317e-06 4.78661e-06 7.98670e-07 0.00000e+00 0.00000e+00 0.00000e+00 0.00000e+00 0.00000e+00 0.00000e+00 0.00000e+00 0.00000e+00 0.00000e+00 0.00000e+00 0.00000e+00 0.00000e+00 0.00000e+00 0.00000e+00 0.00000e+00 0.00000e+00 0.00000e+00 0.00000e+00
3.44000e+02 3.11811e-08 3.21863e-07 5.26484e-07 1.81293e-06 3.36178e-06 7.30955e-06 1.10260e-05 1.50404e-05 1.66717e-05 1.81279e-05 1.99389e-05 2.04695e-05 2.00374e-05 1.87498e-05 1.67093e-05 1.41198e-05 1.06615e-05 5.83537e-06 1.50373e-06 1.31545e-08 0.00000e+00 0.00000e+00 0.00000e+00 0.00000e+00 0.00000e+00 0.00000e+00 0.00000e+00 0.00000e+00 0.00000e+00 0.00000e+00 0.00000e+00 0.00000e+00 0.00000e+00 0.00000e+00 0.00000e+00 0.00000e+00 0.00000e+00
3.72000e+02 2.21410e-08 1.52332e-07 1.02284e-06 1.79592e-06 4.61764e-06 7.95775e-06 1.07259e-05 1.39682e-05 1.67498e-05 1.87880e-05 1.92682e-05 1.97877e-05 1.89763e-05 1.79962e-05 1.62506e-05 1.40187e-05 1.06677e-05 6.64016e-06 2.32633e-06 1.13893e-07 0.00000e+00 0.00000e+00 0.00000e+00 0.00000e+00 0.00000e+00 0.00000e+00 0.00000e+00 0.00000e+00 0.00000e+00 0.00000e+00 0.00000e+00 0.00000e+00 0.00000e+00 0.00000e+00 0.00000e+00 0.00000e+00 0.00000e+00
4.02000e+02 0.00000e+00 3.31316e-07 1.16180e-06 2.31900e-06 3.89576e-06 8.62582e-06 1.17895e-05 1.62530e-05 1.73491e-05 1.82735e-05 1.93165e-05 1.93434e-05 1.88828e-05 1.74826e-05 1.60524e-05 1.37757e-05 1.09403e-05 7.28545e-06 3.20629e-06 3.63055e-07 0.00000e+00 0.00000e+00 0.00000e+00 0.00000e+00 0.00000e+00 0.00000e+00 0.00000e+00 0.00000e+00 0.00000e+00 0.00000e+00 0.00000e+00 0.00000e+00 0.00000e+00 0.00000e+00 0.00000e+00 0.00000e+00 0.00000e+00
4.36000e+02 2.60681e-09 5.73979e-08 9.05291e-07 2.08335e-06 4.72818e-06 7.84054e-06 1.30691e-05 1.51399e-05 1.74914e-05 1.80349e-05 1.96073e-05 1.87585e-05 1.77550e-05 1.69976e-05 1.52283e-05 1.35976e-05 1.10552e-05 7.92778e-06 4.14744e-06 8.28744e-07 6.20730e-11 0.00000e+00 0.00000e+00 0.00000e+00 0.00000e+00 0.00000e+00 0.00000e+00 0.00000e+00 0.00000e+00 0.00000e+00 0.00000e+00 0.00000e+00 0.00000e+00 0.00000e+00 0.00000e+00 0.00000e+00 0.00000e+00
4.71000e+02 2.10090e-08 7.42078e-08 5.49730e-07 2.05958e-06 4.44181e-06 8.47932e-06 1.24011e-05 1.59844e-05 1.77206e-05 1.92477e-05 1.84240e-05 1.86628e-05 1.72462e-05 1.60258e-05 1.45061e-05 1.30837e-05 1.10600e-05 8.27978e-06 4.75073e-06 1.40785e-06 2.40549e-08 0.00000e+00 0.00000e+00 0.00000e+00 0.00000e+00 0.00000e+00 0.00000e+00 0.00000e+00 0.00000e+00 0.00000e+00 0.00000e+00 0.00000e+00 0.00000e+00 0.00000e+00 0.00000e+00 0.00000e+00 0.00000e+00
5.10000e+02 3.38971e-08 5.19145e-07 8.30905e-07 2.44355e-06 4.29295e-06 7.59539e-06 1.24903e-05 1.62460e-05 1.77548e-05 1.89091e-05 1.86355e-05 1.85380e-05 1.70783e-05 1.59064e-05 1.44178e-05 1.26275e-05 1.08855e-05 8.31722e-06 5.40888e-06 2.09479e-06 1.52897e-07 0.00000e+00 0.00000e+00 0.00000e+00 0.00000e+00 0.00000e+00 0.00000e+00 0.00000e+00 0.00000e+00 0.00000e+00 0.00000e+00 0.00000e+00 0.00000e+00 0.00000e+00 0.00000e+00 0.00000e+00 0.00000e+00
5.52000e+02 0.00000e+00 8.31892e-08 1.07986e-06 2.31827e-06 4.58980e-06 8.19585e-06 1.30029e-05 1.60436e-05 1.83797e-05 1.91534e-05 1.92222e-05 1.88192e-05 1.69714e-05 1.53541e-05 1.36414e-05 1.23148e-05 1.04916e-05 8.55369e-06 5.85651e-06 2.78935e-06 3.90554e-07 0.00000e+00 0.00000e+00 0.00000e+00 0.00000e+00 0.00000e+00 0.00000e+00 0.00000e+00 0.00000e+00 0.00000e+00 0.00000e+00 0.00000e+00 0.00000e+00 0.00000e+00 0.00000e+00 0.00000e+00 0.00000e+00
5.98000e+02 1.89189e-08 8.45038e-08 1.05075e-06 2.21204e-06 5.40802e-06 8.81344e-06 1.28194e-05 1.61769e-05 1.89853e-05 1.98851e-05 1.94306e-05 1.85583e-05 1.69816e-05 1.51443e-05 1.34857e-05 1.19090e-05 1.05758e-05 8.62063e-06 6.27059e-06 3.46952e-06 8.00444e-07 3.96910e-09 0.00000e+00 0.00000e+00 0.00000e+00 0.00000e+00 0.00000e+00 0.00000e+00 0.00000e+00 0.00000e+00 0.00000e+00 0.00000e+00 0.00000e+00 0.00000e+00 0.00000e+00 0.00000e+00 0.00000e+00
6.47000e+02 2.17951e-09 1.73838e-07 6.63045e-07 2.77044e-06 4.66158e-06 8.97520e-06 1.26646e-05 1.73590e-05 1.86597e-05 1.95381e-05 1.93411e-05 1.82442e-05 1.63906e-05 1.47762e-05 1.28661e-05 1.15105e-05 1.00820e-05 8.48485e-06 6.43815e-06 3.89987e-06 1.34704e-06 4.62265e-08 0.00000e+00 0.00000e+00 0.00000e+00 0.00000e+00 0.00000e+00 0.00000e+00 0.00000e+00 0.00000e+00 0.00000e+00 0.00000e+00 0.00000e+00 0.00000e+00 0.00000e+00 0.00000e+00 0.00000e+00
7.00000e+02 0.00000e+00 1.78124e-07 8.33626e-07 1.99080e-06 5.28755e-06 8.37483e-06 1.39690e-05 1.74575e-05 1.95600e-05 2.02856e-05 1.87259e-05 1.80263e-05 1.68029e-05 1.48475e-05 1.27002e-05 1.13636e-05 9.92216e-06 8.43744e-06 6.63869e-06 4.35720e-06 1.88937e-06 1.75862e-07 0.00000e+00 0.00000e+00 0.00000e+00 0.00000e+00 0.00000e+00 0.00000e+00 0.00000e+00 0.00000e+00 0.00000e+00 0.00000e+00 0.00000e+00 0.00000e+00 0.00000e+00 0.00000e+00 0.00000e+00
7.58000e+02 6.81216e-08 5.50267e-08 8.49451e-07 2.68052e-06 5.31392e-06 8.82950e-06 1.48951e-05 1.82243e-05 2.03259e-05 2.11474e-05 1.99651e-05 1.90433e-05 1.63283e-05 1.42087e-05 1.24847e-05 1.09727e-05 9.48117e-06 8.33172e-06 6.62035e-06 4.61660e-06 2.33308e-06 4.05952e-07 0.00000e+00 0.00000e+00 0.00000e+00 0.00000e+00 0.00000e+00 0.00000e+00 0.00000e+00 0.00000e+00 0.00000e+00 0.00000e+00 0.00000e+00 0.00000e+00 0.00000e+00 0.00000e+00 0.00000e+00
8.20000e+02 5.04935e-09 2.92542e-07 1.02954e-06 1.42088e-06 5.35114e-06 9.80335e-06 1.43840e-05 1.83260e-05 2.06465e-05 2.14333e-05 2.01168e-05 1.81882e-05 1.70717e-05 1.44494e-05 1.24743e-05 1.05442e-05 9.27104e-06 8.00324e-06 6.54232e-06 4.89556e-06 2.74620e-06 7.84904e-07 5.25550e-09 0.00000e+00 0.00000e+00 0.00000e+00 0.00000e+00 0.00000e+00 0.00000e+00 0.00000e+00 0.00000e+00 0.00000e+00 0.00000e+00 0.00000e+00 0.00000e+00 0.00000e+00 0.00000e+00
8.88000e+02 3.10351e-09 1.39719e-07 4.48692e-07 2.94424e-06 5.60177e-06 9.68482e-06 1.58789e-05 1.81692e-05 2.07008e-05 2.10649e-05 1.97596e-05 1.87808e-05 1.68683e-05 1.43928e-05 1.23038e-05 1.04200e-05 9.17344e-06 7.85209e-06 6.50340e-06 5.01074e-06 3.19654e-06 1.16050e-06 5.84113e-08 0.00000e+00 0.00000e+00 0.00000e+00 0.00000e+00 0.00000e+00 0.00000e+00 0.00000e+00 0.00000e+00 0.00000e+00 0.00000e+00 0.00000e+00 0.00000e+00 0.00000e+00 0.00000e+00
9.61000e+02 1.85762e-08 5.37853e-07 8.44997e-07 3.07830e-06 5.46364e-06 9.52530e-06 1.66657e-05 1.86423e-05 2.07641e-05 2.25651e-05 2.11370e-05 1.95873e-05 1.70937e-05 1.43378e-05 1.22837e-05 1.03451e-05 8.68161e-06 7.68460e-06 6.49082e-06 5.07195e-06 3.42407e-06 1.58037e-06 1.79444e-07 0.00000e+00 0.00000e+00 0.00000e+00 0.00000e+00 0.00000e+00 0.00000e+00 0.00000e+00 0.00000e+00 0.00000e+00 0.00000e+00 0.00000e+00 0.00000e+00 0.00000e+00 0.00000e+00
1.04000e+03 0.00000e+00 1.98012e-07 1.23593e-06 3.34136e-06 5.34810e-06 1.09808e-05 1.51912e-05 1.83510e-05 2.23667e-05 2.23219e-05 2.14025e-05 1.94837e-05 1.74475e-05 1.43434e-05 1.20454e-05 9.94515e-06 8.54448e-06 7.41040e-06 6.26012e-06 5.11950e-06 3.65880e-06 1.95271e-06 4.16902e-07 0.00000e+00 0.00000e+00 0.00000e+00 0.00000e+00 0.00000e+00 0.00000e+00 0.00000e+00 0.00000e+00 0.00000e+00 0.00000e+00 0.00000e+00 0.00000e+00 0.00000e+00 0.00000e+00
1.12500e+03 5.73991e-07 1.01692e-07 7.13482e-07 2.07239e-06 5.91045e-06 1.15681e-05 1.54921e-05 2.00734e-05 2.15610e-05 2.23879e-05 2.28080e-05 2.04245e-05 1.74860e-05 1.46801e-05 1.18630e-05 1.00686e-05 8.23702e-06 7.13144e-06 6.09609e-06 5.11007e-06 3.78728e-06 2.29793e-06 7.13167e-07 1.25451e-08 0.00000e+00 0.00000e+00 0.00000e+00 0.00000e+00 0.00000e+00 0.00000e+00 0.00000e+00 0.00000e+00 0.00000e+00 0.00000e+00 0.00000e+00 0.00000e+00 0.00000e+00
1.21800e+03 1.92500e-08 1.22699e-07 7.67684e-07 1.75737e-06 6.57113e-06 1.12216e-05 1.61478e-05 2.00183e-05 2.18764e-05 2.30765e-05 2.29764e-05 2.01614e-05 1.78613e-05 1.50718e-05 1.20435e-05 9.90291e-06 8.22292e-06 6.91911e-06 6.00222e-06 5.02401e-06 3.83663e-06 2.53586e-06 1.02244e-06 7.40508e-08 0.00000e+00 0.00000e+00 0.00000e+00 0.00000e+00 0.00000e+00 0.00000e+00 0.00000e+00 0.00000e+00 0.00000e+00 0.00000e+00 0.00000e+00 0.00000e+00 0.00000e+00
1.31800e+03 4.56599e-08 3.08520e-07 7.59101e-07 2.27871e-06 5.27990e-06 1.18683e-05 1.72597e-05 2.05546e-05 2.29442e-05 2.41704e-05 2.38217e-05 2.09334e-05 1.86955e-05 1.50916e-05 1.22188e-05 9.83636e-06 8.12331e-06 6.79103e-06 5.77351e-06 4.92811e-06 3.91713e-06 2.71333e-06 1.31598e-06 2.01884e-07 0.00000e+00 0.00000e+00 0.00000e+00 0.00000e+00 0.00000e+00 0.00000e+00 0.00000e+00 0.00000e+00 0.00000e+00 0.00000e+00 0.00000e+00 0.00000e+00 0.00000e+00
1.42700e+03 0.00000e+00 1.11862e-07 1.36892e-06 2.67040e-06 6.20385e-06 1.06465e-05 1.65437e-05 2.14099e-05 2.29913e-05 2.35239e-05 2.38888e-05 2.06537e-05 1.89361e-05 1.54343e-05 1.20333e-05 9.84399e-06 7.92233e-06 6.63097e-06 5.70194e-06 4.70772e-06 3.93318e-06 2.85324e-06 1.58795e-06 4.03229e-07 2.53392e-10 0.00000e+00 0.00000e+00 0.00000e+00 0.00000e+00 0.00000e+00 0.00000e+00 0.00000e+00 0.00000e+00 0.00000e+00 0.00000e+00 0.00000e+00 0.00000e+00
1.54400e+03 9.16546e-09 1.41783e-07 1.01334e-06 2.67288e-06 5.26525e-06 1.13421e-05 1.64313e-05 2.12749e-05 2.42482e-05 2.53685e-05 2.39140e-05 2.19300e-05 1.91132e-05 1.53308e-05 1.25279e-05 1.00178e-05 7.84606e-06 6.41707e-06 5.46781e-06 4.70172e-06 3.84604e-06 2.88784e-06 1.83742e-06 6.36306e-07 1.77384e-08 0.00000e+00 0.00000e+00 0.00000e+00 0.00000e+00 0.00000e+00 0.00000e+00 0.00000e+00 0.00000e+00 0.00000e+00 0.00000e+00 0.00000e+00 0.00000e+00
1.67100e+03 6.18134e-08 5.86926e-07 8.88296e-07 2.86191e-06 6.40425e-06 1.13851e-05 1.72893e-05 2.29522e-05 2.33753e-05 2.52310e-05 2.39305e-05 2.25410e-05 1.94688e-05 1.59248e-05 1.28710e-05 9.76575e-06 7.88451e-06 6.38628e-06 5.42651e-06 4.56938e-06 3.82958e-06 2.99731e-06 1.96992e-06 8.80286e-07 8.51714e-08 0.00000e+00 0.00000e+00 0.00000e+00 0.00000e+00 0.00000e+00 0.00000e+00 0.00000e+00 0.00000e+00 0.00000e+00 0.00000e+00 0.00000e+00 0.00000e+00
1.80800e+03 3.58005e-07 1.64573e-07 6.00178e-07 2.10341e-06 6.38714e-06 1.08347e-05 1.83042e-05 2.26016e-05 2.42410e-05 2.57596e-05 2.48273e-05 2.21252e-05 1.98946e-05 1.66489e-05 1.32552e-05 1.02937e-05 8.18850e-06 6.39173e-06 5.26750e-06 4.43001e-06 3.67100e-06 2.94741e-06 2.11556e-06 1.11531e-06 1.96956e-07 0.00000e+00 0.00000e+00 0.00000e+00 0.00000e+00 0.00000e+00 0.00000e+00 0.00000e+00 0.00000e+00 0.00000e+00 0.00000e+00 0.00000e+00 0.00000e+00
1.95700e+03 3.18547e-08 1.64698e-07 1.44731e-06 2.68007e-06 5.94069e-06 1.13345e-05 1.74074e-05 2.21773e-05 2.45928e-05 2.63437e-05 2.47644e-05 2.36322e-05 2.01107e-05 1.73592e-05 1.35072e-05 1.02366e-05 8.07644e-06 6.37546e-06 5.09629e-06 4.41351e-06 3.65627e-06 3.02966e-06 2.16743e-06 1.27313e-06 3.62170e-07 1.83900e-09 0.00000e+00 0.00000e+00 0.00000e+00 0.00000e+00 0.00000e+00 0.00000e+00 0.00000e+00 0.00000e+00 0.00000e+00 0.00000e+00 0.00000e+00
2.11800e+03 1.21670e-09 1.53108e-07 1.17876e-06 2.71595e-06 6.86409e-06 1.13295e-05 1.86784e-05 2.31690e-05 2.53288e-05 2.61823e-05 2.52129e-05 2.37582e-05 2.09898e-05 1.71048e-05 1.38655e-05 1.05836e-05 7.96738e-06 6.42734e-06 5.09052e-06 4.18746e-06 3.53743e-06 2.91381e-06 2.20435e-06 1.41642e-06 5.55968e-07 2.48378e-08 0.00000e+00 0.00000e+00 0.00000e+00 0.00000e+00 0.00000e+00 0.00000e+00 0.00000e+00 0.00000e+00 0.00000e+00 0.00000e+00 0.00000e+00
2.29200e+03 0.00000e+00 1.39820e-07 1.65081e-06 3.27405e-06 6.98827e-06 1.19498e-05 1.71136e-05 2.32296e-05 2.57652e-05 2.78498e-05 2.59302e-05 2.35341e-05 2.12461e-05 1.76642e-05 1.42902e-05 1.07971e-05 8.23432e-06 6.29638e-06 4.95372e-06 4.02168e-06 3.56924e-06 2.85610e-06 2.27510e-06 1.51918e-06 7.11542e-07 9.02457e-08 0.00000e+00 0.00000e+00 0.00000e+00 0.00000e+00 0.00000e+00 0.00000e+00 0.00000e+00 0.00000e+00 0.00000e+00 0.00000e+00 0.00000e+00
2.48100e+03 2.91754e-08 5.61790e-07 1.21616e-06 3.26527e-06 6.72409e-06 1.12892e-05 1.91364e-05 2.23358e-05 2.60806e-05 2.78789e-05 2.63357e-05 2.47659e-05 2.16879e-05 1.83289e-05 1.43523e-05 1.08844e-05 8.37833e-06 6.25817e-06 4.95737e-06 4.02824e-06 3.43222e-06 2.84612e-06 2.27386e-06 1.64868e-06 8.69825e-07 1.88809e-07 0.00000e+00 0.00000e+00 0.00000e+00 0.00000e+00 0.00000e+00 0.00000e+00 0.00000e+00 0.00000e+00 0.00000e+00 0.00000e+00 0.00000e+00
2.68500e+03 7.99775e-08 3.41473e-07 1.30857e-06 2.95513e-06 7.07965e-06 1.29507e-05 1.68577e-05 2.38970e-05 2.73969e-05 2.84720e-05 2.74894e-05 2.57633e-05 2.23216e-05 1.94598e-05 1.49639e-05 1.14683e-05 8.59113e-06 6.30057e-06 4.90191e-06 3.95182e-06 3.24123e-06 2.72259e-06 2.24480e-06 1.66209e-06 1.00716e-06 3.13569e-07 3.19195e-09 0.00000e+00 0.00000e+00 0.00000e+00 0.00000e+00 0.00000e+00 0.00000e+00 0.00000e+00 0.00000e+00 0.00000e+00 0.00000e+00
2.90600e+03 3.49604e-08 8.77417e-07 7.70523e-07 2.83374e-06 6.86465e-06 1.29272e-05 1.83488e-05 2.39200e-05 2.70921e-05 2.86448e-05 2.73337e-05 2.57748e-05 2.24440e-05 1.92075e-05 1.51443e-05 1.15802e-05 8.70750e-06 6.59065e-06 4.86559e-06 3.98143e-06 3.23166e-06 2.75099e-06 2.23224e-06 1.66098e-06 1.09811e-06 4.53315e-07 2.71967e-08 0.00000e+00 0.00000e+00 0.00000e+00 0.00000e+00 0.00000e+00 0.00000e+00 0.00000e+00 0.00000e+00 0.00000e+00 0.00000e+00
3.14500e+03 0.00000e+00 1.04286e-06 1.24404e-06 3.01474e-06 6.76002e-06 1.15105e-05 1.78340e-05 2.36523e-05 2.75242e-05 2.92381e-05 2.75659e-05 2.66183e-05 2.37083e-05 1.92117e-05 1.61542e-05 1.21459e-05 9.09773e-06 6.64973e-06 4.98866e-06 3.90309e-06 3.23430e-06 2.66537e-06 2.17554e-06 1.74245e-06 1.17930e-06 5.80524e-07 8.35237e-08 0.00000e+00 0.00000e+00 0.00000e+00 0.00000e+00 0.00000e+00 0.00000e+00 0.00000e+00 0.00000e+00 0.00000e+00 0.00000e+00
3.40400e+03 4.41495e-07 1.81003e-07 7.98257e-07 3.84927e-06 6.51791e-06 1.24653e-05 1.89074e-05 2.49102e-05 2.82070e-05 3.02574e-05 2.94559e-05 2.72988e-05 2.46066e-05 2.03398e-05 1.66948e-05 1.27436e-05 9.42487e-06 6.80715e-06 5.15199e-06 3.95467e-06 3.11539e-06 2.61312e-06 2.19344e-06 1.73996e-06 1.25897e-06 7.05570e-07 1.73899e-07 0.00000e+00 0.00000e+00 0.00000e+00 0.00000e+00 0.00000e+00 0.00000e+00 0.00000e+00 0.00000e+00 0.00000e+00 0.00000e+00
3.68400e+03 6.69320e-09 5.31899e-07 1.65435e-06 2.68758e-06 7.76446e-06 1.29099e-05 1.96836e-05 2.51660e-05 2.82085e-05 3.05179e-05 2.96135e-05 2.75253e-05 2.49671e-05 2.03447e-05 1.68005e-05 1.30534e-05 9.65259e-06 7.09470e-06 5.18956e-06 3.89631e-06 3.10074e-06 2.52375e-06 2.08494e-06 1.73400e-06 1.29969e-06 8.00227e-07 2.75341e-07 5.33923e-09 0.00000e+00 0.00000e+00 0.00000e+00 0.00000e+00 0.00000e+00 0.00000e+00 0.00000e+00 0.00000e+00 0.00000e+00
3.98600e+03 2.52871e-08 2.11007e-07 1.19852e-06 2.94817e-06 7.82721e-06 1.21096e-05 1.99805e-05 2.57921e-05 2.89286e-05 3.07148e-05 3.07226e-05 2.79132e-05 2.51212e-05 2.11639e-05 1.73046e-05 1.33337e-05 9.85598e-06 7.06823e-06 5.21898e-06 3.91342e-06 3.05980e-06 2.48959e-06 2.03535e-06 1.69100e-06 1.28004e-06 8.48043e-07 3.84306e-07 3.17258e-08 0.00000e+00 0.00000e+00 0.00000e+00 0.00000e+00 0.00000e+00 0.00000e+00 0.00000e+00 0.00000e+00 0.00000e+00
4.31400e+03 1.69395e-08 2.18312e-07 1.02096e-06 3.78517e-06 7.56844e-06 1.28488e-05 1.88142e-05 2.43810e-05 2.90176e-05 2.89312e-05 3.09224e-05 2.76595e-05 2.59121e-05 2.19585e-05 1.79528e-05 1.35378e-05 1.00452e-05 7.34410e-06 5.25485e-06 4.02203e-06 2.96796e-06 2.42474e-06 1.98792e-06 1.65351e-06 1.30813e-06 9.25235e-07 4.74553e-07 8.19781e-08 0.00000e+00 0.00000e+00 0.00000e+00 0.00000e+00 0.00000e+00 0.00000e+00 0.00000e+00 0.00000e+00 0.00000e+00
4.66900e+03 7.64966e-08 1.12974e-07 6.88746e-07 3.82883e-06 7.52592e-06 1.26446e-05 1.89641e-05 2.52189e-05 2.87151e-05 3.13786e-05 3.06394e-05 2.93096e-05 2.65128e-05 2.29596e-05 1.87395e-05 1.45259e-05 1.05709e-05 7.79119e-06 5.51051e-06 4.09036e-06 3.01948e-06 2.37217e-06 1.98607e-06 1.62048e-06 1.31819e-06 9.57702e-07 5.51153e-07 1.54180e-07 2.92987e-11 0.00000e+00 0.00000e+00 0.00000e+00 0.00000e+00 0.00000e+00 0.00000e+00 0.00000e+00 0.00000e+00
5.05300e+03 1.48507e-08 1.15906e-07 5.98866e-07 3.25221e-06 7.52096e-06 1.13419e-05 2.02582e-05 2.57791e-05 2.91081e-05 3.06982e-05 3.20834e-05 2.97340e-05 2.65517e-05 2.32305e-05 1.93327e-05 1.51062e-05 1.10670e-05 7.75973e-06 5.64115e-06 4.16808e-06 3.08851e-06 2.40933e-06 1.91382e-06 1.65264e-06 1.31552e-06 9.96334e-07 6.14105e-07 2.40629e-07 7.21563e-09 0.00000e+00 0.00000e+00 0.00000e+00 0.00000e+00 0.00000e+00 0.00000e+00 0.00000e+00 0.00000e+00
5.46900e+03 3.51588e-07 3.13615e-07 6.63732e-07 3.08003e-06 7.62923e-06 1.33980e-05 2.01658e-05 2.53806e-05 3.07451e-05 3.21719e-05 3.36423e-05 3.05180e-05 2.79924e-05 2.34912e-05 1.95077e-05 1.53603e-05 1.13175e-05 8.25137e-06 5.81838e-06 4.20704e-06 3.15825e-06 2.28362e-06 1.89926e-06 1.54168e-06 1.28183e-06 1.01006e-06 6.68697e-07 3.17193e-07 3.65772e-08 0.00000e+00 0.00000e+00 0.00000e+00 0.00000e+00 0.00000e+00 0.00000e+00 0.00000e+00 0.00000e+00
5.91900e+03 0.00000e+00 1.64846e-07 1.31415e-06 3.72161e-06 6.73692e-06 1.31148e-05 1.97355e-05 2.53230e-05 3.18808e-05 3.32703e-05 3.37281e-05 3.21626e-05 2.85553e-05 2.44002e-05 1.97980e-05 1.61737e-05 1.20296e-05 8.56352e-06 6.23894e-06 4.23312e-06 3.12882e-06 2.38711e-06 1.89657e-06 1.54371e-06 1.27087e-06 9.73962e-07 7.19142e-07 3.78826e-07 7.66580e-08 0.00000e+00 0.00000e+00 0.00000e+00 0.00000e+00 0.00000e+00 0.00000e+00 0.00000e+00 0.00000e+00
6.40500e+03 1.71171e-08 1.80220e-07 5.82694e-07 2.57766e-06 7.07163e-06 1.39002e-05 2.16668e-05 2.88407e-05 3.17504e-05 3.46160e-05 3.35418e-05 3.24360e-05 2.87272e-05 2.54839e-05 2.02689e-05 1.61721e-05 1.21519e-05 8.98678e-06 6.30928e-06 4.40814e-06 3.17425e-06 2.42911e-06 1.86425e-06 1.50615e-06 1.26062e-06 1.01872e-06 7.41739e-07 4.37783e-07 1.37439e-07 2.58438e-10 0.00000e+00 0.00000e+00 0.00000e+00 0.00000e+00 0.00000e+00 0.00000e+00 0.00000e+00
6.93200e+03 0.00000e+00 1.27919e-07 6.16211e-07 3.06708e-06 7.76460e-06 1.30505e-05 2.16905e-05 2.64626e-05 3.13245e-05 3.26514e-05 3.44503e-05 3.11855e-05 2.94539e-05 2.48957e-05 2.08575e-05 1.65525e-05 1.25807e-05 9.36984e-06 6.41536e-06 4.60740e-06 3.27828e-06 2.43536e-06 1.79905e-06 1.48866e-06 1.23462e-06 9.94860e-07 7.60399e-07 4.89913e-07 1.99076e-07 9.88490e-09 0.00000e+00 0.00000e+00 0.00000e+00 0.00000e+00 0.00000e+00 0.00000e+00 0.00000e+00
7.50200e+03 3.94898e-08 5.14673e-08 1.70360e-06 3.07062e-06 7.83092e-06 1.27612e-05 2.34869e-05 2.63102e-05 3.27865e-05 3.28342e-05 3.46294e-05 3.30025e-05 2.98142e-05 2.54978e-05 2.15664e-05 1.75073e-05 1.37494e-05 9.82088e-06 6.95262e-06 4.85304e-06 3.35289e-06 2.41284e-06 1.86982e-06 1.43106e-06 1.21365e-06 1.00024e-06 7.61978e-07 5.21477e-07 2.50524e-07 3.40054e-08 0.00000e+00 0.00000e+00 0.00000e+00 0.00000e+00 0.00000e+00 0.00000e+00 0.00000e+00
8.11900e+03 8.93541e-08 1.30753e-07 8.71005e-07 3.07691e-06 8.71501e-06 1.52952e-05 1.94106e-05 2.80770e-05 3.23187e-05 3.47984e-05 3.51719e-05 3.32085e-05 3.09282e-05 2.59787e-05 2.20696e-05 1.77120e-05 1.32810e-05 1.00362e-05 7.03974e-06 4.87908e-06 3.52519e-06 2.46378e-06 1.89965e-06 1.45219e-06 1.18520e-06 9.57181e-07 7.54340e-07 5.42394e-07 2.93873e-07 7.03091e-08 0.00000e+00 0.00000e+00 0.00000e+00 0.00000e+00 0.00000e+00 0.00000e+00 0.00000e+00
8.78700e+03 1.16412e-07 2.45518e-07 8.22407e-07 3.04242e-06 6.61111e-06 1.57675e-05 2.05489e-05 2.54336e-05 3.17785e-05 3.46831e-05 3.54937e-05 3.41510e-05 3.17389e-05 2.71282e-05 2.22243e-05 1.90596e-05 1.42825e-05 1.03295e-05 7.35078e-06 5.16021e-06 3.59462e-06 2.52003e-06 1.84836e-06 1.43374e-06 1.17697e-06 9.48657e-07 7.56319e-07 5.56735e-07 3.44101e-07 1.15336e-07 1.23622e-09 0.00000e+00 0.00000e+00 0.00000e+00 0.00000e+00 0.00000e+00 0.00000e+00
9.51000e+03 3.08574e-08 6.95376e-08 8.16979e-07 4.08770e-06 9.46303e-06 1.48379e-05 2.11665e-05 2.79976e-05 3.30509e-05 3.51903e-05 3.77770e-05 3.52643e-05 3.15582e-05 2.84859e-05 2.35093e-05 1.86633e-05 1.44031e-05 1.06646e-05 7.68838e-06 5.45552e-06 3.72917e-06 2.60699e-06 1.85409e-06 1.45267e-06 1.12070e-06 9.39360e-07 7.49088e-07 5.84465e-07 3.68998e-07 1.61612e-07 1.11954e-08 0.00000e+00 0.00000e+00 0.00000e+00 0.00000e+00 0.00000e+00 0.00000e+00
1.02920e+04 9.42083e-08 1.60606e-07 8.50333e-07 2.32183e-06 1.05085e-05 1.43166e-05 2.09560e-05 2.79607e-05 3.42547e-05 3.68130e-05 3.84112e-05 3.46946e-05 3.19597e-05 2.83313e-05 2.33218e-05 1.92204e-05 1.53266e-05 1.11124e-05 8.00870e-06 5.62812e-06 3.83786e-06 2.67140e-06 1.89105e-06 1.42734e-06 1.12730e-06 9.12588e-07 7.44377e-07 5.87554e-07 3.99090e-07 2.05489e-07 3.27240e-08 0.00000e+00 0.00000e+00 0.00000e+00 0.00000e+00 0.00000e+00 0.00000e+00
1.11380e+04 0.00000e+00 1.95390e-07 2.64898e-06 3.95399e-06 5.58854e-06 1.17224e-05 2.66792e-05 2.83402e-05 3.38735e-05 3.56449e-05 3.91849e-05 3.51813e-05 3.37580e-05 2.78847e-05 2.46857e-05 1.97939e-05 1.57491e-05 1.16124e-05 8.34155e-06 5.78824e-06 4.03825e-06 2.71293e-06 1.94351e-06 1.46275e-06 1.05605e-06 9.03786e-07 7.36982e-07 5.63689e-07 4.03951e-07 2.50845e-07 6.23459e-08 0.00000e+00 0.00000e+00 0.00000e+00 0.00000e+00 0.00000e+00 0.00000e+00
1.20540e+04 0.00000e+00 2.45911e-07 5.94951e-07 5.50899e-06 9.91817e-06 1.44137e-05 1.89023e-05 2.85011e-05 3.48417e-05 3.86240e-05 3.58289e-05 3.79885e-05 3.66110e-05 3.00125e-05 2.51457e-05 2.00003e-05 1.57124e-05 1.18178e-05 9.08177e-06 6.12896e-06 4.20194e-06 2.79949e-06 1.98530e-06 1.41406e-06 1.13904e-06 9.58837e-07 7.16710e-07 5.76739e-07 4.48045e-07 2.74434e-07 1.02627e-07 1.98350e-09 0.00000e+00 0.00000e+00 0.00000e+00 0.00000e+00 0.00000e+00
1.30460e+04 1.68534e-07 1.58671e-07 2.74197e-06 3.00117e-06 9.68424e-06 1.57686e-05 2.34746e-05 2.92524e-05 3.36763e-05 3.55439e-05 3.75668e-05 3.89793e-05 3.39608e-05 2.99096e-05 2.69867e-05 2.01487e-05 1.64828e-05 1.21128e-05 9.23178e-06 6.38783e-06 4.30595e-06 2.97621e-06 2.12793e-06 1.47035e-06 1.08342e-06 8.67525e-07 6.89590e-07 5.69949e-07 4.33872e-07 3.03939e-07 1.30273e-07 1.19813e-08 0.00000e+00 0.00000e+00 0.00000e+00 0.00000e+00 0.00000e+00
1.41190e+04 3.20222e-08 1.83524e-07 6.48246e-07 2.30989e-06 1.05380e-05 1.21841e-05 2.14787e-05 2.90872e-05 3.73690e-05 3.59751e-05 4.10344e-05 3.55958e-05 3.40403e-05 3.05341e-05 2.55253e-05 2.10250e-05 1.68153e-05 1.32564e-05 9.53408e-06 6.09331e-06 4.71888e-06 3.04091e-06 2.06628e-06 1.49135e-06 1.12158e-06 8.31153e-07 6.94148e-07 5.73420e-07 4.16423e-07 2.99201e-07 1.60851e-07 2.82560e-08 0.00000e+00 0.00000e+00 0.00000e+00 0.00000e+00 0.00000e+00
1.52800e+04 0.00000e+00 1.92421e-07 9.32697e-07 2.50959e-06 7.76737e-06 1.72976e-05 2.25626e-05 2.73784e-05 3.57747e-05 3.76580e-05 4.04274e-05 3.61494e-05 3.52581e-05 3.18001e-05 2.68634e-05 2.27289e-05 1.70131e-05 1.33033e-05 9.79743e-06 6.71809e-06 4.82760e-06 3.38314e-06 2.28133e-06 1.56375e-06 1.11407e-06 8.63151e-07 7.15368e-07 5.50850e-07 4.18207e-07 3.36328e-07 1.82421e-07 5.11934e-08 2.22431e-13 0.00000e+00 0.00000e+00 0.00000e+00 0.00000e+00
1.65360e+04 0.00000e+00 2.97232e-07 2.50148e-06 4.30897e-06 9.14735e-06 1.67123e-05 2.32158e-05 2.93956e-05 3.99231e-05 3.75880e-05 4.07404e-05 4.02410e-05 3.72007e-05 3.34788e-05 2.71093e-05 2.16484e-05 1.80766e-05 1.37407e-05 9.92080e-06 7.14068e-06 5.00337e-06 3.43070e-06 2.36903e-06 1.63015e-06 1.09697e-06 8.72314e-07 6.88663e-07 5.62730e-07 4.47509e-07 3.24688e-07 2.06902e-07 8.46141e-08 2.80041e-09 0.00000e+00 0.00000e+00 0.00000e+00 0.00000e+00
1.78960e+04 0.00000e+00 1.66396e-07 1.29800e-06 2.93051e-06 1.06030e-05 1.91622e-05 2.32902e-05 2.70304e-05 3.58941e-05 4.00126e-05 4.11698e-05 3.94349e-05 3.79660e-05 3.42364e-05 2.77404e-05 2.33658e-05 1.84930e-05 1.46002e-05 1.03224e-05 7.44367e-06 5.10653e-06 3.52790e-06 2.36912e-06 1.61231e-06 1.19785e-06 8.50647e-07 6.94582e-07 5.26239e-07 4.28605e-07 3.24785e-07 2.38761e-07 1.10892e-07 1.34086e-08 0.00000e+00 0.00000e+00 0.00000e+00 0.00000e+00
1.93680e+04 2.02241e-07 3.62023e-07 3.44233e-07 3.21095e-06 7.68989e-06 1.49103e-05 2.45368e-05 3.12385e-05 3.78938e-05 3.81217e-05 4.18246e-05 4.00754e-05 3.64410e-05 3.40053e-05 2.74886e-05 2.31005e-05 1.83843e-05 1.49186e-05 1.06672e-05 7.93424e-06 5.43115e-06 3.83136e-06 2.56347e-06 1.78663e-06 1.19533e-06 8.78416e-07 6.53701e-07 5.16668e-07 4.40486e-07 3.44197e-07 2.34584e-07 1.35506e-07 2.68475e-08 0.00000e+00 0.00000e+00 0.00000e+00 0.00000e+00
2.09610e+04 0.00000e+00 3.30325e-08 9.88988e-07 4.01311e-06 7.06013e-06 1.98222e-05 2.05842e-05 3.33558e-05 3.53969e-05 3.98916e-05 3.99308e-05 4.11105e-05 3.84344e-05 3.40241e-05 2.88142e-05 2.34177e-05 1.91792e-05 1.52974e-05 1.11776e-05 8.29287e-06 5.72383e-06 3.83813e-06 2.64478e-06 1.78697e-06 1.20423e-06 8.97643e-07 6.30628e-07 5.20711e-07 4.12431e-07 3.35563e-07 2.51426e-07 1.51552e-07 4.85305e-08 2.68192e-10 0.00000e+00 0.00000e+00 0.00000e+00
2.26850e+04 0.00000e+00 2.27361e-06 1.23210e-06 7.06341e-06 7.56012e-06 1.57872e-05 2.56313e-05 3.34509e-05 3.60838e-05 4.21258e-05 4.20855e-05 4.06062e-05 3.92751e-05 3.44866e-05 3.01461e-05 2.57536e-05 2.00534e-05 1.57062e-05 1.16836e-05 8.63412e-06 5.72505e-06 3.91018e-06 2.70440e-06 1.79253e-06 1.25677e-06 8.77427e-07 6.46155e-07 5.17420e-07 4.23045e-07 3.35289e-07 2.56010e-07 1.60448e-07 6.78099e-08 2.65241e-09 0.00000e+00 0.00000e+00 0.00000e+00
2.45500e+04 1.76518e-07 2.56621e-07 7.53842e-07 4.81624e-06 1.24641e-05 1.45838e-05 2.64360e-05 3.18694e-05 4.22119e-05 4.00792e-05 4.01360e-05 4.21107e-05 3.90671e-05 3.68059e-05 2.98460e-05 2.52401e-05 1.94675e-05 1.57946e-05 1.20052e-05 8.73791e-06 6.24272e-06 4.03989e-06 2.92128e-06 1.85108e-06 1.30638e-06 8.90788e-07 6.66374e-07 5.17492e-07 4.15391e-07 3.50081e-07 2.62276e-07 1.70400e-07 8.47148e-08 1.22309e-08 0.00000e+00 0.00000e+00 0.00000e+00
2.65690e+04 3.08194e-07 2.11562e-07 4.83814e-07 6.91863e-06 6.86896e-06 1.69148e-05 2.06651e-05 2.84025e-05 3.58862e-05 3.91816e-05 4.01757e-05 3.98265e-05 4.19434e-05 3.36314e-05 3.17326e-05 2.62312e-05 2.18801e-05 1.56249e-05 1.22996e-05 8.76983e-06 6.77055e-06 4.48421e-06 3.07643e-06 1.98345e-06 1.32656e-06 9.16982e-07 7.07217e-07 4.69946e-07 4.01659e-07 3.25337e-07 2.57037e-07 1.77905e-07 1.03797e-07 2.74351e-08 0.00000e+00 0.00000e+00 0.00000e+00
2.87540e+04 0.00000e+00 4.00623e-07 3.23771e-06 2.32582e-06 7.29990e-06 1.91921e-05 2.00401e-05 3.41169e-05 3.93763e-05 4.17319e-05 4.76491e-05 4.14794e-05 4.15558e-05 3.79303e-05 3.05899e-05 2.76598e-05 2.14343e-05 1.69610e-05 1.33825e-05 9.61839e-06 6.56820e-06 4.36786e-06 3.19316e-06 2.07234e-06 1.41588e-06 9.81300e-07 6.87724e-07 5.27848e-07 4.06827e-07 3.25262e-07 2.49900e-07 2.07309e-07 1.21114e-07 4.22109e-08 4.50401e-10 0.00000e+00 0.00000e+00
3.11190e+04 0.00000e+00 6.28559e-09 5.83867e-07 1.77780e-06 1.22903e-05 1.50639e-05 2.64827e-05 3.17181e-05 3.85265e-05 4.19007e-05 4.36251e-05 4.63791e-05 3.98601e-05 3.57803e-05 3.26957e-05 2.70311e-05 2.20980e-05 1.73355e-05 1.34285e-05 9.82560e-06 7.11224e-06 4.60771e-06 3.19234e-06 2.27420e-06 1.48920e-06 9.77975e-07 7.05705e-07 5.00655e-07 4.19176e-07 3.26258e-07 2.61059e-07 2.02700e-07 1.23440e-07 5.32623e-08 3.99477e-09 0.00000e+00 0.00000e+00
3.36780e+04 0.00000e+00 1.21231e-06 2.79019e-06 3.71956e-06 7.50662e-06 2.04751e-05 3.07201e-05 3.79208e-05 3.93880e-05 3.90425e-05 4.42498e-05 4.59862e-05 4.36174e-05 4.08309e-05 3.36141e-05 2.79253e-05 2.29464e-05 1.76858e-05 1.42922e-05 9.68222e-06 7.06371e-06 5.35974e-06 3.38079e-06 2.20514e-06 1.55122e-06 9.66593e-07 7.08308e-07 5.74616e-07 4.06223e-07 3.23912e-07 2.48457e-07 2.04988e-07 1.34511e-07 6.92732e-08 1.19190e-08 0.00000e+00 0.00000e+00
3.64480e+04 0.00000e+00 0.00000e+00 1.06993e-06 5.65372e-06 1.18279e-05 1.35111e-05 2.49660e-05 3.39335e-05 4.15544e-05 4.31532e-05 4.70518e-05 4.61828e-05 4.01690e-05 4.08501e-05 3.49666e-05 2.90295e-05 2.19471e-05 1.82214e-05 1.39305e-05 1.03240e-05 7.57275e-06 5.26172e-06 3.51965e-06 2.37360e-06 1.55202e-06 1.10476e-06 7.15473e-07 5.07566e-07 3.86147e-07 3.10780e-07 2.57164e-07 1.91343e-07 1.41297e-07 8.49636e-08 1.99997e-08 0.00000e+00 0.00000e+00
3.94450e+04 0.00000e+00 2.40078e-07 1.27718e-06 2.50060e-06 1.04649e-05 1.22592e-05 2.61446e-05 2.86943e-05 4.08445e-05 4.37014e-05 4.48089e-05 4.64569e-05 4.53217e-05 4.31986e-05 3.40059e-05 2.91146e-05 2.38892e-05 1.82128e-05 1.44074e-05 1.11025e-05 7.54314e-06 5.50169e-06 3.75969e-06 2.59382e-06 1.67541e-06 1.23312e-06 7.62265e-07 5.20535e-07 3.92963e-07 2.89183e-07 2.45331e-07 2.02064e-07 1.36584e-07 8.97070e-08 3.74340e-08 5.54412e-10 0.00000e+00
4.26890e+04 0.00000e+00 2.82982e-07 7.40634e-06 3.90090e-06 5.61776e-06 1.58247e-05 2.20432e-05 3.36894e-05 4.65811e-05 4.75604e-05 4.35006e-05 4.71004e-05 4.43917e-05 3.93262e-05 3.50982e-05 2.96140e-05 2.36535e-05 1.79191e-05 1.47124e-05 1.13729e-05 7.99578e-06 5.71253e-06 3.99415e-06 2.72148e-06 1.74405e-06 1.14440e-06 7.32436e-07 5.45925e-07 4.04012e-07 3.05204e-07 2.48702e-07 1.93615e-07 1.42165e-07 1.00101e-07 4.72465e-08 5.70072e-09 0.00000e+00
4.62000e+04 0.00000e+00 1.14826e-07 6.32066e-06 5.34782e-06 1.35720e-05 1.31135e-05 2.87837e-05 3.40053e-05 4.11295e-05 4.52433e-05 5.24801e-05 4.94450e-05 4.35930e-05 4.29643e-05 3.66729e-05 3.01309e-05 2.44549e-05 2.14277e-05 1.54336e-05 1.13937e-05 8.19163e-06 6.05803e-06 3.94676e-06 2.79126e-06 1.90315e-06 1.25865e-06 8.48025e-07 5.39861e-07 3.85665e-07 3.07534e-07 2.39092e-07 1.92336e-07 1.50975e-07 1.03522e-07 5.58349e-08 9.82723e-09 0.00000e+00
4.99990e+04 0.00000e+00 2.65599e-07 5.78523e-07 2.81896e-06 9.30995e-06 2.12523e-05 2.90954e-05 3.08593e-05 3.79936e-05 4.19408e-05 4.71179e-05 4.74160e-05 5.00519e-05 4.41172e-05 3.75329e-05 3.15759e-05 2.53526e-05 1.93542e-05 1.54578e-05 1.22457e-05 8.35823e-06 6.40058e-06 4.24754e-06 3.06759e-06 1.89500e-06 1.37306e-06 8.60472e-07 5.86966e-07 4.43344e-07 3.24479e-07 2.27893e-07 1.80178e-07 1.53942e-07 1.12436e-07 6.80276e-08 1.80067e-08 0.00000e+00
