0.00000e+00 2.13115e-01 2.87170e-01 3.86955e-01 5.21410e-01 7.02590e-01 9.46730e-01 1.27570e+00 1.71897e+00 2.31628e+00 3.12115e+00 4.20568e+00 5.66707e+00 7.63626e+00 1.02897e+01 1.38651e+01 1.86830e+01 2.51749e+01 3.39227e+01 4.57101e+01 6.15935e+01 8.29959e+01 1.11835e+02 1.50696e+02 2.03059e+02 2.73618e+02 3.68695e+02 4.96808e+02 6.69439e+02 9.02055e+02 1.21550e+03 1.63786e+03 2.20698e+03 2.97387e+03 4.00722e+03 5.39965e+03 7.27591e+03 9.80414e+03 1.32109e+04 1.78014e+04 2.39870e+04 3.23220e+04 4.35532e+04
6.40000e+00 0.00000e+00 0.00000e+00 0.00000e+00 0.00000e+00 3.92229e-07 1.14134e-06 1.98088e-07 4.29786e-09 0.00000e+00 0.00000e+00 0.00000e+00 0.00000e+00 0.00000e+00 0.00000e+00 0.00000e+00 0.00000e+00 0.00000e+00 0.00000e+00 0.00000e+00 0.00000e+00 0.00000e+00 0.00000e+00 0.00000e+00 0.00000e+00 0.00000e+00 0.00000e+00 0.00000e+00 0.00000e+00 0.00000e+00 0.00000e+00 0.00000e+00 0.00000e+00 0.00000e+00 0.00000e+00 0.00000e+00 0.00000e+00 0.00000e+00 0.00000e+00 0.00000e+00 0.00000e+00 0.00000e+00 0.00000e+00
6.50000e+00 0.00000e+00 0.00000e+00 6.77037e-09 1.74380e-08 4.60823e-07 1.40759e-06 5.07718e-07 1.60730e-08 0.00000e+00 0.00000e+00 0.00000e+00 0.00000e+00 0.00000e+00 0.00000e+00 0.00000e+00 0.00000e+00 0.00000e+00 0.00000e+00 0.00000e+00 0.00000e+00 0.00000e+00 0.00000e+00 0.00000e+00 0.00000e+00 0.00000e+00 0.00000e+00 0.00000e+00 0.00000e+00 0.00000e+00 0.00000e+00 0.00000e+00 0.00000e+00 0.00000e+00 0.00000e+00 0.00000e+00 0.00000e+00 0.00000e+00 0.00000e+00 0.00000e+00 0.00000e+00 0.00000e+00 0.00000e+00
6.60000e+00 0.00000e+00 0.00000e+00 1.80040e-08 6.93425e-08 5.46656e-07 6.51913e-06 2.09793e-06 1.19861e-06 0.00000e+00 0.00000e+00 0.00000e+00 0.00000e+00 0.00000e+00 0.00000e+00 0.00000e+00 0.00000e+00 0.00000e+00 0.00000e+00 0.00000e+00 0.00000e+00 0.00000e+00 0.00000e+00 0.00000e+00 0.00000e+00 0.00000e+00 0.00000e+00 0.00000e+00 0.00000e+00 0.00000e+00 0.00000e+00 0.00000e+00 0.00000e+00 0.00000e+00 0.00000e+00 0.00000e+00 0.00000e+00 0.00000e+00 0.00000e+00 0.00000e+00 0.00000e+00 0.00000e+00 0.00000e+00
6.70000e+00 0.00000e+00 0.00000e+00 1.34803e-09 5.65599e-08 6.45379e-07 1.26309e-05 6.12477e-06 1.42454e-05 0.00000e+00 0.00000e+00 0.00000e+00 0.00000e+00 0.00000e+00 0.00000e+00 0.00000e+00 0.00000e+00 0.00000e+00 0.00000e+00 0.00000e+00 0.00000e+00 0.00000e+00 0.00000e+00 0.00000e+00 0.00000e+00 0.00000e+00 0.00000e+00 0.00000e+00 0.00000e+00 0.00000e+00 0.00000e+00 0.00000e+00 0.00000e+00 0.00000e+00 0.00000e+00 0.00000e+00 0.00000e+00 0.00000e+00 0.00000e+00 0.00000e+00 0.00000e+00 0.00000e+00 0.00000e+00
6.80000e+00 0.00000e+00 0.00000e+00 0.00000e+00 7.08143e-08 7.65390e-07 1.32854e-05 1.13892e-05 2.66888e-05 0.00000e+00 0.00000e+00 0.00000e+00 0.00000e+00 0.00000e+00 0.00000e+00 0.00000e+00 0.00000e+00 0.00000e+00 0.00000e+00 0.00000e+00 0.00000e+00 0.00000e+00 0.00000e+00 0.00000e+00 0.00000e+00 0.00000e+00 0.00000e+00 0.00000e+00 0.00000e+00 0.00000e+00 0.00000e+00 0.00000e+00 0.00000e+00 0.00000e+00 0.00000e+00 0.00000e+00 0.00000e+00 0.00000e+00 0.00000e+00 0.00000e+00 0.00000e+00 0.00000e+00 0.00000e+00
6.90000e+00 0.00000e+00 0.00000e+00 3.12150e-09 8.18947e-08 1.12104e-06 1.24004e-05 1.81026e-05 4.01442e-05 6.80443e-10 0.00000e+00 0.00000e+00 0.00000e+00 0.00000e+00 0.00000e+00 0.00000e+00 0.00000e+00 0.00000e+00 0.00000e+00 0.00000e+00 0.00000e+00 0.00000e+00 0.00000e+00 0.00000e+00 0.00000e+00 0.00000e+00 0.00000e+00 0.00000e+00 0.00000e+00 0.00000e+00 0.00000e+00 0.00000e+00 0.00000e+00 0.00000e+00 0.00000e+00 0.00000e+00 0.00000e+00 0.00000e+00 0.00000e+00 0.00000e+00 0.00000e+00 0.00000e+00 0.00000e+00
7.00000e+00 0.00000e+00 0.00000e+00 0.00000e+00 1.08570e-08 4.89312e-07 1.47426e-05 2.28430e-05 8.31074e-05 2.47121e-06 0.00000e+00 0.00000e+00 0.00000e+00 0.00000e+00 0.00000e+00 0.00000e+00 0.00000e+00 0.00000e+00 0.00000e+00 0.00000e+00 0.00000e+00 0.00000e+00 0.00000e+00 0.00000e+00 0.00000e+00 0.00000e+00 0.00000e+00 0.00000e+00 0.00000e+00 0.00000e+00 0.00000e+00 0.00000e+00 0.00000e+00 0.00000e+00 0.00000e+00 0.00000e+00 0.00000e+00 0.00000e+00 0.00000e+00 0.00000e+00 0.00000e+00 0.00000e+00 0.00000e+00
7.20000e+00 0.00000e+00 0.00000e+00 0.00000e+00 6.56821e-08 9.38729e-07 9.63344e-06 2.80298e-05 6.11409e-05 1.88254e-05 0.00000e+00 0.00000e+00 0.00000e+00 0.00000e+00 0.00000e+00 0.00000e+00 0.00000e+00 0.00000e+00 0.00000e+00 0.00000e+00 0.00000e+00 0.00000e+00 0.00000e+00 0.00000e+00 0.00000e+00 0.00000e+00 0.00000e+00 0.00000e+00 0.00000e+00 0.00000e+00 0.00000e+00 0.00000e+00 0.00000e+00 0.00000e+00 0.00000e+00 0.00000e+00 0.00000e+00 0.00000e+00 0.00000e+00 0.00000e+00 0.00000e+00 0.00000e+00 0.00000e+00
7.40000e+00 0.00000e+00 0.00000e+00 0.00000e+00 1.02562e-07 8.93508e-07 7.47634e-06 2.42044e-05 5.95139e-05 4.61646e-05 0.00000e+00 0.00000e+00 0.00000e+00 0.00000e+00 0.00000e+00 0.00000e+00 0.00000e+00 0.00000e+00 0.00000e+00 0.00000e+00 0.00000e+00 0.00000e+00 0.00000e+00 0.00000e+00 0.00000e+00 0.00000e+00 0.00000e+00 0.00000e+00 0.00000e+00 0.00000e+00 0.00000e+00 0.00000e+00 0.00000e+00 0.00000e+00 0.00000e+00 0.00000e+00 0.00000e+00 0.00000e+00 0.00000e+00 0.00000e+00 0.00000e+00 0.00000e+00 0.00000e+00
7.60000e+00 0.00000e+00 0.00000e+00 0.00000e+00 3.25615e-08 6.37545e-07 8.39976e-06 2.25695e-05 5.45699e-05 7.14668e-05 1.65194e-09 0.00000e+00 0.00000e+00 0.00000e+00 0.00000e+00 0.00000e+00 0.00000e+00 0.00000e+00 0.00000e+00 0.00000e+00 0.00000e+00 0.00000e+00 0.00000e+00 0.00000e+00 0.00000e+00 0.00000e+00 0.00000e+00 0.00000e+00 0.00000e+00 0.00000e+00 0.00000e+00 0.00000e+00 0.00000e+00 0.00000e+00 0.00000e+00 0.00000e+00 0.00000e+00 0.00000e+00 0.00000e+00 0.00000e+00 0.00000e+00 0.00000e+00 0.00000e+00
7.80000e+00 0.00000e+00 0.00000e+00 0.00000e+00 7.54774e-09 7.30238e-07 9.38063e-06 2.33623e-05 4.98481e-05 9.23765e-05 1.92505e-06 0.00000e+00 0.00000e+00 0.00000e+00 0.00000e+00 0.00000e+00 0.00000e+00 0.00000e+00 0.00000e+00 0.00000e+00 0.00000e+00 0.00000e+00 0.00000e+00 0.00000e+00 0.00000e+00 0.00000e+00 0.00000e+00 0.00000e+00 0.00000e+00 0.00000e+00 0.00000e+00 0.00000e+00 0.00000e+00 0.00000e+00 0.00000e+00 0.00000e+00 0.00000e+00 0.00000e+00 0.00000e+00 0.00000e+00 0.00000e+00 0.00000e+00 0.00000e+00
8.50000e+00 0.00000e+00 0.00000e+00 0.00000e+00 0.00000e+00 1.87612e-07 3.63671e-06 2.21774e-05 5.15077e-05 1.33381e-04 8.52822e-05 0.00000e+00 0.00000e+00 0.00000e+00 0.00000e+00 0.00000e+00 0.00000e+00 0.00000e+00 0.00000e+00 0.00000e+00 0.00000e+00 0.00000e+00 0.00000e+00 0.00000e+00 0.00000e+00 0.00000e+00 0.00000e+00 0.00000e+00 0.00000e+00 0.00000e+00 0.00000e+00 0.00000e+00 0.00000e+00 0.00000e+00 0.00000e+00 0.00000e+00 0.00000e+00 0.00000e+00 0.00000e+00 0.00000e+00 0.00000e+00 0.00000e+00 0.00000e+00
8.80000e+00 0.00000e+00 0.00000e+00 0.00000e+00 1.39136e-08 7.09815e-07 8.45368e-06 2.87802e-05 3.63726e-05 7.77817e-05 7.45727e-05 3.75385e-08 0.00000e+00 0.00000e+00 0.00000e+00 0.00000e+00 0.00000e+00 0.00000e+00 0.00000e+00 0.00000e+00 0.00000e+00 0.00000e+00 0.00000e+00 0.00000e+00 0.00000e+00 0.00000e+00 0.00000e+00 0.00000e+00 0.00000e+00 0.00000e+00 0.00000e+00 0.00000e+00 0.00000e+00 0.00000e+00 0.00000e+00 0.00000e+00 0.00000e+00 0.00000e+00 0.00000e+00 0.00000e+00 0.00000e+00 0.00000e+00 0.00000e+00
9.00000e+00 0.00000e+00 0.00000e+00 0.00000e+00 4.26999e-10 2.55317e-07 5.56468e-06 2.11815e-05 3.56206e-05 1.28567e-04 1.49092e-04 2.23614e-06 0.00000e+00 0.00000e+00 0.00000e+00 0.00000e+00 0.00000e+00 0.00000e+00 0.00000e+00 0.00000e+00 0.00000e+00 0.00000e+00 0.00000e+00 0.00000e+00 0.00000e+00 0.00000e+00 0.00000e+00 0.00000e+00 0.00000e+00 0.00000e+00 0.00000e+00 0.00000e+00 0.00000e+00 0.00000e+00 0.00000e+00 0.00000e+00 0.00000e+00 0.00000e+00 0.00000e+00 0.00000e+00 0.00000e+00 0.00000e+00 0.00000e+00
9.20000e+00 0.00000e+00 0.00000e+00 0.00000e+00 0.00000e+00 6.96520e-08 7.44891e-06 1.65286e-05 3.27035e-05 1.14093e-04 1.57980e-04 1.01470e-05 0.00000e+00 0.00000e+00 0.00000e+00 0.00000e+00 0.00000e+00 0.00000e+00 0.00000e+00 0.00000e+00 0.00000e+00 0.00000e+00 0.00000e+00 0.00000e+00 0.00000e+00 0.00000e+00 0.00000e+00 0.00000e+00 0.00000e+00 0.00000e+00 0.00000e+00 0.00000e+00 0.00000e+00 0.00000e+00 0.00000e+00 0.00000e+00 0.00000e+00 0.00000e+00 0.00000e+00 0.00000e+00 0.00000e+00 0.00000e+00 0.00000e+00
9.50000e+00 0.00000e+00 0.00000e+00 0.00000e+00 0.00000e+00 1.96083e-07 7.53918e-06 2.99012e-05 2.70751e-05 1.07375e-04 1.61188e-04 3.02226e-05 0.00000e+00 0.00000e+00 0.00000e+00 0.00000e+00 0.00000e+00 0.00000e+00 0.00000e+00 0.00000e+00 0.00000e+00 0.00000e+00 0.00000e+00 0.00000e+00 0.00000e+00 0.00000e+00 0.00000e+00 0.00000e+00 0.00000e+00 0.00000e+00 0.00000e+00 0.00000e+00 0.00000e+00 0.00000e+00 0.00000e+00 0.00000e+00 0.00000e+00 0.00000e+00 0.00000e+00 0.00000e+00 0.00000e+00 0.00000e+00 0.00000e+00
9.80000e+00 0.00000e+00 0.00000e+00 0.00000e+00 0.00000e+00 9.99557e-08 6.79886e-06 2.29437e-05 2.85692e-05 9.25196e-05 1.57454e-04 4.28983e-05 0.00000e+00 0.00000e+00 0.00000e+00 0.00000e+00 0.00000e+00 0.00000e+00 0.00000e+00 0.00000e+00 0.00000e+00 0.00000e+00 0.00000e+00 0.00000e+00 0.00000e+00 0.00000e+00 0.00000e+00 0.00000e+00 0.00000e+00 0.00000e+00 0.00000e+00 0.00000e+00 0.00000e+00 0.00000e+00 0.00000e+00 0.00000e+00 0.00000e+00 0.00000e+00 0.00000e+00 0.00000e+00 0.00000e+00 0.00000e+00 0.00000e+00
1.00000e+01 0.00000e+00 0.00000e+00 0.00000e+00 1.17572e-08 4.14758e-07 7.82564e-06 3.45065e-05 4.04617e-05 7.70659e-05 1.30798e-04 3.57786e-05 0.00000e+00 0.00000e+00 0.00000e+00 0.00000e+00 0.00000e+00 0.00000e+00 0.00000e+00 0.00000e+00 0.00000e+00 0.00000e+00 0.00000e+00 0.00000e+00 0.00000e+00 0.00000e+00 0.00000e+00 0.00000e+00 0.00000e+00 0.00000e+00 0.00000e+00 0.00000e+00 0.00000e+00 0.00000e+00 0.00000e+00 0.00000e+00 0.00000e+00 0.00000e+00 0.00000e+00 0.00000e+00 0.00000e+00 0.00000e+00 0.00000e+00
1.10000e+01 0.00000e+00 0.00000e+00 0.00000e+00 1.01869e-08 1.96624e-07 7.60156e-06 2.93887e-05 4.59746e-05 7.55703e-05 1.04369e-04 9.10882e-05 3.26072e-06 0.00000e+00 0.00000e+00 0.00000e+00 0.00000e+00 0.00000e+00 0.00000e+00 0.00000e+00 0.00000e+00 0.00000e+00 0.00000e+00 0.00000e+00 0.00000e+00 0.00000e+00 0.00000e+00 0.00000e+00 0.00000e+00 0.00000e+00 0.00000e+00 0.00000e+00 0.00000e+00 0.00000e+00 0.00000e+00 0.00000e+00 0.00000e+00 0.00000e+00 0.00000e+00 0.00000e+00 0.00000e+00 0.00000e+00 0.00000e+00
1.20000e+01 0.00000e+00 0.00000e+00 0.00000e+00 0.00000e+00 3.17507e-07 7.13550e-06 2.55039e-05 4.52730e-05 8.13991e-05 9.79786e-05 9.77227e-05 2.01988e-05 0.00000e+00 0.00000e+00 0.00000e+00 0.00000e+00 0.00000e+00 0.00000e+00 0.00000e+00 0.00000e+00 0.00000e+00 0.00000e+00 0.00000e+00 0.00000e+00 0.00000e+00 0.00000e+00 0.00000e+00 0.00000e+00 0.00000e+00 0.00000e+00 0.00000e+00 0.00000e+00 0.00000e+00 0.00000e+00 0.00000e+00 0.00000e+00 0.00000e+00 0.00000e+00 0.00000e+00 0.00000e+00 0.00000e+00 0.00000e+00
1.30000e+01 0.00000e+00 0.00000e+00 0.00000e+00 0.00000e+00 2.29590e-07 7.23600e-06 2.23820e-05 4.23128e-05 7.67043e-05 1.09840e-04 9.66819e-05 4.56698e-05 1.93604e-07 0.00000e+00 0.00000e+00 0.00000e+00 0.00000e+00 0.00000e+00 0.00000e+00 0.00000e+00 0.00000e+00 0.00000e+00 0.00000e+00 0.00000e+00 0.00000e+00 0.00000e+00 0.00000e+00 0.00000e+00 0.00000e+00 0.00000e+00 0.00000e+00 0.00000e+00 0.00000e+00 0.00000e+00 0.00000e+00 0.00000e+00 0.00000e+00 0.00000e+00 0.00000e+00 0.00000e+00 0.00000e+00 0.00000e+00
1.40000e+01 0.00000e+00 0.00000e+00 0.00000e+00 0.00000e+00 2.15995e-07 4.86016e-06 2.30526e-05 3.87150e-05 7.74865e-05 1.17283e-04 1.16240e-04 6.68017e-05 5.69390e-06 0.00000e+00 0.00000e+00 0.00000e+00 0.00000e+00 0.00000e+00 0.00000e+00 0.00000e+00 0.00000e+00 0.00000e+00 0.00000e+00 0.00000e+00 0.00000e+00 0.00000e+00 0.00000e+00 0.00000e+00 0.00000e+00 0.00000e+00 0.00000e+00 0.00000e+00 0.00000e+00 0.00000e+00 0.00000e+00 0.00000e+00 0.00000e+00 0.00000e+00 0.00000e+00 0.00000e+00 0.00000e+00 0.00000e+00
1.50000e+01 0.00000e+00 0.00000e+00 0.00000e+00 0.00000e+00 1.61343e-07 3.80353e-06 2.25455e-05 3.92717e-05 7.47327e-05 1.19367e-04 1.27681e-04 7.87658e-05 1.32622e-05 0.00000e+00 0.00000e+00 0.00000e+00 0.00000e+00 0.00000e+00 0.00000e+00 0.00000e+00 0.00000e+00 0.00000e+00 0.00000e+00 0.00000e+00 0.00000e+00 0.00000e+00 0.00000e+00 0.00000e+00 0.00000e+00 0.00000e+00 0.00000e+00 0.00000e+00 0.00000e+00 0.00000e+00 0.00000e+00 0.00000e+00 0.00000e+00 0.00000e+00 0.00000e+00 0.00000e+00 0.00000e+00 0.00000e+00
1.60000e+01 0.00000e+00 0.00000e+00 0.00000e+00 0.00000e+00 2.40076e-07 5.03621e-06 1.77706e-05 3.99330e-05 7.07611e-05 1.22228e-04 1.37898e-04 8.77278e-05 2.49659e-05 1.00599e-08 0.00000e+00 0.00000e+00 0.00000e+00 0.00000e+00 0.00000e+00 0.00000e+00 0.00000e+00 0.00000e+00 0.00000e+00 0.00000e+00 0.00000e+00 0.00000e+00 0.00000e+00 0.00000e+00 0.00000e+00 0.00000e+00 0.00000e+00 0.00000e+00 0.00000e+00 0.00000e+00 0.00000e+00 0.00000e+00 0.00000e+00 0.00000e+00 0.00000e+00 0.00000e+00 0.00000e+00 0.00000e+00
1.70000e+01 0.00000e+00 0.00000e+00 0.00000e+00 0.00000e+00 1.14471e-07 2.28150e-06 2.27546e-05 3.99618e-05 7.16923e-05 1.27230e-04 1.48084e-04 1.03308e-04 3.38958e-05 5.09092e-07 0.00000e+00 0.00000e+00 0.00000e+00 0.00000e+00 0.00000e+00 0.00000e+00 0.00000e+00 0.00000e+00 0.00000e+00 0.00000e+00 0.00000e+00 0.00000e+00 0.00000e+00 0.00000e+00 0.00000e+00 0.00000e+00 0.00000e+00 0.00000e+00 0.00000e+00 0.00000e+00 0.00000e+00 0.00000e+00 0.00000e+00 0.00000e+00 0.00000e+00 0.00000e+00 0.00000e+00 0.00000e+00
1.80000e+01 0.00000e+00 0.00000e+00 0.00000e+00 0.00000e+00 2.16986e-07 4.25422e-06 1.76202e-05 3.89051e-05 7.13890e-05 1.20523e-04 1.49471e-04 1.19283e-04 4.54648e-05 2.53247e-06 0.00000e+00 0.00000e+00 0.00000e+00 0.00000e+00 0.00000e+00 0.00000e+00 0.00000e+00 0.00000e+00 0.00000e+00 0.00000e+00 0.00000e+00 0.00000e+00 0.00000e+00 0.00000e+00 0.00000e+00 0.00000e+00 0.00000e+00 0.00000e+00 0.00000e+00 0.00000e+00 0.00000e+00 0.00000e+00 0.00000e+00 0.00000e+00 0.00000e+00 0.00000e+00 0.00000e+00 0.00000e+00
1.90000e+01 0.00000e+00 0.00000e+00 0.00000e+00 0.00000e+00 1.66291e-07 3.52200e-06 1.54935e-05 3.43918e-05 6.51541e-05 1.14565e-04 1.50716e-04 1.30621e-04 5.73097e-05 5.35050e-06 0.00000e+00 0.00000e+00 0.00000e+00 0.00000e+00 0.00000e+00 0.00000e+00 0.00000e+00 0.00000e+00 0.00000e+00 0.00000e+00 0.00000e+00 0.00000e+00 0.00000e+00 0.00000e+00 0.00000e+00 0.00000e+00 0.00000e+00 0.00000e+00 0.00000e+00 0.00000e+00 0.00000e+00 0.00000e+00 0.00000e+00 0.00000e+00 0.00000e+00 0.00000e+00 0.00000e+00 0.00000e+00
2.00000e+01 0.00000e+00 0.00000e+00 0.00000e+00 0.00000e+00 8.47565e-08 1.60154e-06 1.65059e-05 3.13063e-05 6.37545e-05 1.13681e-04 1.53049e-04 1.36405e-04 6.58962e-05 1.08388e-05 9.22404e-11 0.00000e+00 0.00000e+00 0.00000e+00 0.00000e+00 0.00000e+00 0.00000e+00 0.00000e+00 0.00000e+00 0.00000e+00 0.00000e+00 0.00000e+00 0.00000e+00 0.00000e+00 0.00000e+00 0.00000e+00 0.00000e+00 0.00000e+00 0.00000e+00 0.00000e+00 0.00000e+00 0.00000e+00 0.00000e+00 0.00000e+00 0.00000e+00 0.00000e+00 0.00000e+00 0.00000e+00
2.10000e+01 0.00000e+00 0.00000e+00 0.00000e+00 1.82863e-09 3.80448e-07 1.16774e-06 9.87132e-06 2.93179e-05 6.03749e-05 1.02754e-04 1.54641e-04 1.44868e-04 7.97607e-05 1.85972e-05 2.51924e-08 0.00000e+00 0.00000e+00 0.00000e+00 0.00000e+00 0.00000e+00 0.00000e+00 0.00000e+00 0.00000e+00 0.00000e+00 0.00000e+00 0.00000e+00 0.00000e+00 0.00000e+00 0.00000e+00 0.00000e+00 0.00000e+00 0.00000e+00 0.00000e+00 0.00000e+00 0.00000e+00 0.00000e+00 0.00000e+00 0.00000e+00 0.00000e+00 0.00000e+00 0.00000e+00 0.00000e+00
2.30000e+01 0.00000e+00 0.00000e+00 0.00000e+00 0.00000e+00 5.41581e-08 2.16826e-06 1.36930e-05 2.69808e-05 5.89466e-05 1.01559e-04 1.41563e-04 1.60973e-04 9.73102e-05 3.26235e-05 1.17558e-06 0.00000e+00 0.00000e+00 0.00000e+00 0.00000e+00 0.00000e+00 0.00000e+00 0.00000e+00 0.00000e+00 0.00000e+00 0.00000e+00 0.00000e+00 0.00000e+00 0.00000e+00 0.00000e+00 0.00000e+00 0.00000e+00 0.00000e+00 0.00000e+00 0.00000e+00 0.00000e+00 0.00000e+00 0.00000e+00 0.00000e+00 0.00000e+00 0.00000e+00 0.00000e+00 0.00000e+00
2.50000e+01 0.00000e+00 0.00000e+00 0.00000e+00 0.00000e+00 5.64733e-08 3.01077e-06 8.11178e-06 2.38859e-05 5.38854e-05 9.57524e-05 1.37543e-04 1.59998e-04 1.19748e-04 5.13775e-05 5.26998e-06 0.00000e+00 0.00000e+00 0.00000e+00 0.00000e+00 0.00000e+00 0.00000e+00 0.00000e+00 0.00000e+00 0.00000e+00 0.00000e+00 0.00000e+00 0.00000e+00 0.00000e+00 0.00000e+00 0.00000e+00 0.00000e+00 0.00000e+00 0.00000e+00 0.00000e+00 0.00000e+00 0.00000e+00 0.00000e+00 0.00000e+00 0.00000e+00 0.00000e+00 0.00000e+00 0.00000e+00
2.70000e+01 0.00000e+00 0.00000e+00 0.00000e+00 0.00000e+00 6.28189e-08 1.94937e-06 7.09923e-06 2.29407e-05 5.33351e-05 8.80995e-05 1.35124e-04 1.56137e-04 1.28916e-04 6.62894e-05 1.35840e-05 5.24026e-09 0.00000e+00 0.00000e+00 0.00000e+00 0.00000e+00 0.00000e+00 0.00000e+00 0.00000e+00 0.00000e+00 0.00000e+00 0.00000e+00 0.00000e+00 0.00000e+00 0.00000e+00 0.00000e+00 0.00000e+00 0.00000e+00 0.00000e+00 0.00000e+00 0.00000e+00 0.00000e+00 0.00000e+00 0.00000e+00 0.00000e+00 0.00000e+00 0.00000e+00 0.00000e+00
2.90000e+01 0.00000e+00 0.00000e+00 0.00000e+00 0.00000e+00 1.46550e-08 2.60603e-06 1.10648e-05 2.52097e-05 4.68299e-05 8.08051e-05 1.26487e-04 1.53656e-04 1.40941e-04 8.03084e-05 2.33039e-05 3.94054e-07 0.00000e+00 0.00000e+00 0.00000e+00 0.00000e+00 0.00000e+00 0.00000e+00 0.00000e+00 0.00000e+00 0.00000e+00 0.00000e+00 0.00000e+00 0.00000e+00 0.00000e+00 0.00000e+00 0.00000e+00 0.00000e+00 0.00000e+00 0.00000e+00 0.00000e+00 0.00000e+00 0.00000e+00 0.00000e+00 0.00000e+00 0.00000e+00 0.00000e+00 0.00000e+00
3.20000e+01 0.00000e+00 0.00000e+00 0.00000e+00 0.00000e+00 3.76047e-08 6.05766e-07 8.82386e-06 1.94767e-05 4.31439e-05 8.14970e-05 1.18098e-04 1.46659e-04 1.40346e-04 9.95826e-05 4.02348e-05 3.49714e-06 0.00000e+00 0.00000e+00 0.00000e+00 0.00000e+00 0.00000e+00 0.00000e+00 0.00000e+00 0.00000e+00 0.00000e+00 0.00000e+00 0.00000e+00 0.00000e+00 0.00000e+00 0.00000e+00 0.00000e+00 0.00000e+00 0.00000e+00 0.00000e+00 0.00000e+00 0.00000e+00 0.00000e+00 0.00000e+00 0.00000e+00 0.00000e+00 0.00000e+00 0.00000e+00
3.40000e+01 0.00000e+00 0.00000e+00 0.00000e+00 0.00000e+00 2.73417e-08 1.23156e-06 8.23600e-06 1.84025e-05 4.10287e-05 7.79452e-05 1.16975e-04 1.45847e-04 1.40837e-04 1.07770e-04 4.78672e-05 7.61880e-06 0.00000e+00 0.00000e+00 0.00000e+00 0.00000e+00 0.00000e+00 0.00000e+00 0.00000e+00 0.00000e+00 0.00000e+00 0.00000e+00 0.00000e+00 0.00000e+00 0.00000e+00 0.00000e+00 0.00000e+00 0.00000e+00 0.00000e+00 0.00000e+00 0.00000e+00 0.00000e+00 0.00000e+00 0.00000e+00 0.00000e+00 0.00000e+00 0.00000e+00 0.00000e+00
3.70000e+01 0.00000e+00 0.00000e+00 0.00000e+00 0.00000e+00 1.12320e-07 1.42634e-06 5.10613e-06 1.68059e-05 3.85084e-05 7.02271e-05 1.08666e-04 1.40068e-04 1.42132e-04 1.14398e-04 6.36604e-05 1.64250e-05 1.36090e-07 0.00000e+00 0.00000e+00 0.00000e+00 0.00000e+00 0.00000e+00 0.00000e+00 0.00000e+00 0.00000e+00 0.00000e+00 0.00000e+00 0.00000e+00 0.00000e+00 0.00000e+00 0.00000e+00 0.00000e+00 0.00000e+00 0.00000e+00 0.00000e+00 0.00000e+00 0.00000e+00 0.00000e+00 0.00000e+00 0.00000e+00 0.00000e+00 0.00000e+00
4.00000e+01 0.00000e+00 0.00000e+00 0.00000e+00 1.27649e-06 1.00701e-07 7.78391e-07 5.25191e-06 1.44589e-05 3.12946e-05 6.43066e-05 1.00961e-04 1.30251e-04 1.36845e-04 1.24908e-04 7.67732e-05 2.69204e-05 1.45096e-06 0.00000e+00 0.00000e+00 0.00000e+00 0.00000e+00 0.00000e+00 0.00000e+00 0.00000e+00 0.00000e+00 0.00000e+00 0.00000e+00 0.00000e+00 0.00000e+00 0.00000e+00 0.00000e+00 0.00000e+00 0.00000e+00 0.00000e+00 0.00000e+00 0.00000e+00 0.00000e+00 0.00000e+00 0.00000e+00 0.00000e+00 0.00000e+00 0.00000e+00
4.40000e+01 0.00000e+00 0.00000e+00 8.99559e-08 0.00000e+00 9.76246e-08 6.46317e-07 3.90770e-06 1.39219e-05 3.32742e-05 6.37569e-05 9.62798e-05 1.29170e-04 1.41246e-04 1.24497e-04 8.91014e-05 3.95790e-05 5.59399e-06 0.00000e+00 0.00000e+00 0.00000e+00 0.00000e+00 0.00000e+00 0.00000e+00 0.00000e+00 0.00000e+00 0.00000e+00 0.00000e+00 0.00000e+00 0.00000e+00 0.00000e+00 0.00000e+00 0.00000e+00 0.00000e+00 0.00000e+00 0.00000e+00 0.00000e+00 0.00000e+00 0.00000e+00 0.00000e+00 0.00000e+00 0.00000e+00 0.00000e+00
4.70000e+01 0.00000e+00 0.00000e+00 0.00000e+00 1.18611e-08 5.85352e-08 1.92262e-06 3.71331e-06 1.18733e-05 3.00758e-05 5.99003e-05 9.30508e-05 1.19234e-04 1.30731e-04 1.20609e-04 9.28588e-05 4.78247e-05 1.07039e-05 2.79124e-08 0.00000e+00 0.00000e+00 0.00000e+00 0.00000e+00 0.00000e+00 0.00000e+00 0.00000e+00 0.00000e+00 0.00000e+00 0.00000e+00 0.00000e+00 0.00000e+00 0.00000e+00 0.00000e+00 0.00000e+00 0.00000e+00 0.00000e+00 0.00000e+00 0.00000e+00 0.00000e+00 0.00000e+00 0.00000e+00 0.00000e+00 0.00000e+00
5.10000e+01 0.00000e+00 0.00000e+00 0.00000e+00 1.26610e-06 3.42209e-08 6.46041e-07 5.82644e-06 1.41326e-05 2.76083e-05 5.30126e-05 8.68102e-05 1.09597e-04 1.25321e-04 1.20690e-04 9.83349e-05 5.81101e-05 1.83579e-05 4.85762e-07 0.00000e+00 0.00000e+00 0.00000e+00 0.00000e+00 0.00000e+00 0.00000e+00 0.00000e+00 0.00000e+00 0.00000e+00 0.00000e+00 0.00000e+00 0.00000e+00 0.00000e+00 0.00000e+00 0.00000e+00 0.00000e+00 0.00000e+00 0.00000e+00 0.00000e+00 0.00000e+00 0.00000e+00 0.00000e+00 0.00000e+00 0.00000e+00
5.50000e+01 0.00000e+00 0.00000e+00 0.00000e+00 0.00000e+00 2.47444e-08 9.96659e-07 3.20681e-06 1.23296e-05 2.49127e-05 5.19114e-05 7.96012e-05 1.09110e-04 1.22724e-04 1.21294e-04 9.94741e-05 6.54279e-05 2.65598e-05 2.20987e-06 0.00000e+00 0.00000e+00 0.00000e+00 0.00000e+00 0.00000e+00 0.00000e+00 0.00000e+00 0.00000e+00 0.00000e+00 0.00000e+00 0.00000e+00 0.00000e+00 0.00000e+00 0.00000e+00 0.00000e+00 0.00000e+00 0.00000e+00 0.00000e+00 0.00000e+00 0.00000e+00 0.00000e+00 0.00000e+00 0.00000e+00 0.00000e+00
6.00000e+01 0.00000e+00 0.00000e+00 2.92931e-09 1.77040e-08 6.56037e-08 9.58010e-07 3.63727e-06 7.94257e-06 2.58916e-05 4.54057e-05 7.81890e-05 1.00878e-04 1.18832e-04 1.17215e-04 1.02009e-04 7.29789e-05 3.54845e-05 6.79514e-06 2.01173e-09 0.00000e+00 0.00000e+00 0.00000e+00 0.00000e+00 0.00000e+00 0.00000e+00 0.00000e+00 0.00000e+00 0.00000e+00 0.00000e+00 0.00000e+00 0.00000e+00 0.00000e+00 0.00000e+00 0.00000e+00 0.00000e+00 0.00000e+00 0.00000e+00 0.00000e+00 0.00000e+00 0.00000e+00 0.00000e+00 0.00000e+00
6.50000e+01 0.00000e+00 0.00000e+00 0.00000e+00 0.00000e+00 6.72808e-08 5.79084e-07 2.78567e-06 9.24600e-06 2.11280e-05 4.67009e-05 7.11737e-05 9.84511e-05 1.12990e-04 1.13579e-04 1.01502e-04 7.75074e-05 4.33755e-05 1.27306e-05 1.63278e-07 0.00000e+00 0.00000e+00 0.00000e+00 0.00000e+00 0.00000e+00 0.00000e+00 0.00000e+00 0.00000e+00 0.00000e+00 0.00000e+00 0.00000e+00 0.00000e+00 0.00000e+00 0.00000e+00 0.00000e+00 0.00000e+00 0.00000e+00 0.00000e+00 0.00000e+00 0.00000e+00 0.00000e+00 0.00000e+00 0.00000e+00
7.00000e+01 0.00000e+00 0.00000e+00 0.00000e+00 0.00000e+00 2.98927e-07 2.69217e-07 3.29542e-06 1.02445e-05 2.53406e-05 4.59507e-05 7.05125e-05 9.09206e-05 1.11845e-04 1.10108e-04 1.01563e-04 8.00403e-05 4.93216e-05 1.91546e-05 1.19993e-06 0.00000e+00 0.00000e+00 0.00000e+00 0.00000e+00 0.00000e+00 0.00000e+00 0.00000e+00 0.00000e+00 0.00000e+00 0.00000e+00 0.00000e+00 0.00000e+00 0.00000e+00 0.00000e+00 0.00000e+00 0.00000e+00 0.00000e+00 0.00000e+00 0.00000e+00 0.00000e+00 0.00000e+00 0.00000e+00 0.00000e+00
7.60000e+01 0.00000e+00 0.00000e+00 0.00000e+00 2.22530e-08 4.02529e-07 7.92797e-07 3.05639e-06 9.22221e-06 1.99208e-05 4.11445e-05 6.49026e-05 8.51361e-05 1.05614e-04 1.07072e-04 1.00812e-04 8.30759e-05 5.59797e-05 2.64581e-05 3.67752e-06 0.00000e+00 0.00000e+00 0.00000e+00 0.00000e+00 0.00000e+00 0.00000e+00 0.00000e+00 0.00000e+00 0.00000e+00 0.00000e+00 0.00000e+00 0.00000e+00 0.00000e+00 0.00000e+00 0.00000e+00 0.00000e+00 0.00000e+00 0.00000e+00 0.00000e+00 0.00000e+00 0.00000e+00 0.00000e+00 0.00000e+00
8.20000e+01 0.00000e+00 0.00000e+00 0.00000e+00 0.00000e+00 1.33911e-07 3.71364e-07 2.95902e-06 8.88179e-06 2.03042e-05 3.87741e-05 6.15791e-05 8.11171e-05 9.96300e-05 1.03307e-04 9.68359e-05 8.21301e-05 5.89243e-05 3.14022e-05 7.50383e-06 5.06668e-08 0.00000e+00 0.00000e+00 0.00000e+00 0.00000e+00 0.00000e+00 0.00000e+00 0.00000e+00 0.00000e+00 0.00000e+00 0.00000e+00 0.00000e+00 0.00000e+00 0.00000e+00 0.00000e+00 0.00000e+00 0.00000e+00 0.00000e+00 0.00000e+00 0.00000e+00 0.00000e+00 0.00000e+00 0.00000e+00
8.90000e+01 0.00000e+00 0.00000e+00 0.00000e+00 2.84163e-08 8.84532e-08 1.21168e-06 2.99534e-06 8.06895e-06 1.63803e-05 3.71858e-05 5.63356e-05 7.65933e-05 9.37660e-05 1.03316e-04 9.92470e-05 8.41525e-05 6.21291e-05 3.64604e-05 1.26638e-05 4.22344e-07 0.00000e+00 0.00000e+00 0.00000e+00 0.00000e+00 0.00000e+00 0.00000e+00 0.00000e+00 0.00000e+00 0.00000e+00 0.00000e+00 0.00000e+00 0.00000e+00 0.00000e+00 0.00000e+00 0.00000e+00 0.00000e+00 0.00000e+00 0.00000e+00 0.00000e+00 0.00000e+00 0.00000e+00 0.00000e+00
9.70000e+01 0.00000e+00 0.00000e+00 0.00000e+00 1.48422e-08 2.69703e-08 4.71111e-07 3.47470e-06 6.90768e-06 1.65005e-05 3.32599e-05 5.92512e-05 8.13353e-05 1.01775e-04 1.12864e-04 1.16456e-04 1.06506e-04 8.22032e-05 5.17846e-05 2.04173e-05 1.77593e-06 0.00000e+00 0.00000e+00 0.00000e+00 0.00000e+00 0.00000e+00 0.00000e+00 0.00000e+00 0.00000e+00 0.00000e+00 0.00000e+00 0.00000e+00 0.00000e+00 0.00000e+00 0.00000e+00 0.00000e+00 0.00000e+00 0.00000e+00 0.00000e+00 0.00000e+00 0.00000e+00 0.00000e+00 0.00000e+00
1.05000e+02 0.00000e+00 0.00000e+00 0.00000e+00 1.76691e-08 1.52848e-07 6.70345e-07 1.58984e-06 8.14030e-06 1.60842e-05 3.39204e-05 5.31202e-05 7.80445e-05 9.85987e-05 1.09381e-04 1.13047e-04 1.03583e-04 8.41660e-05 5.62457e-05 2.65650e-05 4.40686e-06 2.69434e-09 0.00000e+00 0.00000e+00 0.00000e+00 0.00000e+00 0.00000e+00 0.00000e+00 0.00000e+00 0.00000e+00 0.00000e+00 0.00000e+00 0.00000e+00 0.00000e+00 0.00000e+00 0.00000e+00 0.00000e+00 0.00000e+00 0.00000e+00 0.00000e+00 0.00000e+00 0.00000e+00 0.00000e+00
1.13000e+02 0.00000e+00 0.00000e+00 0.00000e+00 1.09286e-07 2.54546e-08 3.71099e-07 9.09174e-07 7.59161e-06 1.37647e-05 3.27635e-05 5.37430e-05 7.63150e-05 9.57161e-05 1.06437e-04 1.07441e-04 1.02013e-04 8.51207e-05 5.94971e-05 3.25225e-05 8.47986e-06 1.19363e-07 0.00000e+00 0.00000e+00 0.00000e+00 0.00000e+00 0.00000e+00 0.00000e+00 0.00000e+00 0.00000e+00 0.00000e+00 0.00000e+00 0.00000e+00 0.00000e+00 0.00000e+00 0.00000e+00 0.00000e+00 0.00000e+00 0.00000e+00 0.00000e+00 0.00000e+00 0.00000e+00 0.00000e+00
1.23000e+02 0.00000e+00 0.00000e+00 7.92058e-08 1.83537e-08 8.12068e-08 4.88105e-07 2.76469e-06 8.94099e-06 1.33590e-05 2.93175e-05 5.23324e-05 6.97159e-05 8.96664e-05 1.04308e-04 1.02150e-04 9.96279e-05 8.62413e-05 6.44604e-05 3.80339e-05 1.34569e-05 8.45435e-07 0.00000e+00 0.00000e+00 0.00000e+00 0.00000e+00 0.00000e+00 0.00000e+00 0.00000e+00 0.00000e+00 0.00000e+00 0.00000e+00 0.00000e+00 0.00000e+00 0.00000e+00 0.00000e+00 0.00000e+00 0.00000e+00 0.00000e+00 0.00000e+00 0.00000e+00 0.00000e+00 0.00000e+00
1.33000e+02 0.00000e+00 2.12386e-08 8.17632e-09 3.25155e-07 1.19677e-06 8.90929e-07 1.64440e-06 7.99752e-06 1.54329e-05 2.97670e-05 4.89500e-05 6.93261e-05 8.76279e-05 9.85372e-05 1.01380e-04 9.76307e-05 8.61891e-05 6.67547e-05 4.31767e-05 1.85087e-05 2.40445e-06 0.00000e+00 0.00000e+00 0.00000e+00 0.00000e+00 0.00000e+00 0.00000e+00 0.00000e+00 0.00000e+00 0.00000e+00 0.00000e+00 0.00000e+00 0.00000e+00 0.00000e+00 0.00000e+00 0.00000e+00 0.00000e+00 0.00000e+00 0.00000e+00 0.00000e+00 0.00000e+00 0.00000e+00
1.44000e+02 0.00000e+00 0.00000e+00 4.47225e-07 1.75441e-08 5.32721e-08 3.26265e-07 2.68801e-06 3.99465e-06 1.35547e-05 3.07825e-05 4.82569e-05 6.75246e-05 8.50073e-05 9.16095e-05 1.01295e-04 9.31642e-05 8.37974e-05 6.83165e-05 4.69192e-05 2.37531e-05 4.87185e-06 3.33270e-08 0.00000e+00 0.00000e+00 0.00000e+00 0.00000e+00 0.00000e+00 0.00000e+00 0.00000e+00 0.00000e+00 0.00000e+00 0.00000e+00 0.00000e+00 0.00000e+00 0.00000e+00 0.00000e+00 0.00000e+00 0.00000e+00 0.00000e+00 0.00000e+00 0.00000e+00 0.00000e+00
1.56000e+02 0.00000e+00 2.81072e-06 0.00000e+00 9.63737e-08 1.49036e-06 3.44898e-07 1.55198e-06 5.58642e-06 1.44119e-05 2.69751e-05 4.70408e-05 6.56182e-05 8.16463e-05 9.24090e-05 9.68082e-05 9.41719e-05 8.37453e-05 6.98559e-05 4.93165e-05 2.86064e-05 8.53676e-06 3.11105e-07 0.00000e+00 0.00000e+00 0.00000e+00 0.00000e+00 0.00000e+00 0.00000e+00 0.00000e+00 0.00000e+00 0.00000e+00 0.00000e+00 0.00000e+00 0.00000e+00 0.00000e+00 0.00000e+00 0.00000e+00 0.00000e+00 0.00000e+00 0.00000e+00 0.00000e+00 0.00000e+00
1.68000e+02 0.00000e+00 0.00000e+00 0.00000e+00 4.63643e-08 3.27184e-08 3.83120e-07 2.30641e-06 5.90722e-06 1.15879e-05 2.55254e-05 4.62421e-05 6.34193e-05 8.09558e-05 8.73565e-05 9.17067e-05 8.96871e-05 8.40490e-05 6.88333e-05 5.27513e-05 3.23608e-05 1.23914e-05 1.18048e-06 0.00000e+00 0.00000e+00 0.00000e+00 0.00000e+00 0.00000e+00 0.00000e+00 0.00000e+00 0.00000e+00 0.00000e+00 0.00000e+00 0.00000e+00 0.00000e+00 0.00000e+00 0.00000e+00 0.00000e+00 0.00000e+00 0.00000e+00 0.00000e+00 0.00000e+00 0.00000e+00
1.82000e+02 0.00000e+00 0.00000e+00 1.39875e-08 5.60693e-08 6.92019e-08 2.88582e-07 4.09558e-06 6.17866e-06 1.20044e-05 2.53803e-05 4.44198e-05 6.36376e-05 7.55757e-05 8.65552e-05 9.01523e-05 8.86094e-05 7.95338e-05 6.90676e-05 5.33451e-05 3.56787e-05 1.60952e-05 2.72275e-06 1.05728e-10 0.00000e+00 0.00000e+00 0.00000e+00 0.00000e+00 0.00000e+00 0.00000e+00 0.00000e+00 0.00000e+00 0.00000e+00 0.00000e+00 0.00000e+00 0.00000e+00 0.00000e+00 0.00000e+00 0.00000e+00 0.00000e+00 0.00000e+00 0.00000e+00 0.00000e+00
1.97000e+02 0.00000e+00 0.00000e+00 0.00000e+00 0.00000e+00 6.88772e-08 1.87832e-06 1.59788e-06 5.94358e-06 1.14136e-05 2.77476e-05 4.21564e-05 6.18925e-05 7.55672e-05 8.56045e-05 9.02590e-05 8.59435e-05 7.96880e-05 6.82013e-05 5.39218e-05 3.80174e-05 2.00442e-05 5.34554e-06 7.33068e-08 0.00000e+00 0.00000e+00 0.00000e+00 0.00000e+00 0.00000e+00 0.00000e+00 0.00000e+00 0.00000e+00 0.00000e+00 0.00000e+00 0.00000e+00 0.00000e+00 0.00000e+00 0.00000e+00 0.00000e+00 0.00000e+00 0.00000e+00 0.00000e+00 0.00000e+00
2.14000e+02 0.00000e+00 0.00000e+00 0.00000e+00 9.93636e-09 1.31103e-07 1.16500e-06 1.30537e-06 5.95932e-06 1.48795e-05 2.67117e-05 4.10846e-05 6.20588e-05 7.49426e-05 8.31736e-05 8.16999e-05 8.30963e-05 7.49816e-05 6.75793e-05 5.49136e-05 3.96453e-05 2.43487e-05 8.34262e-06 5.07518e-07 0.00000e+00 0.00000e+00 0.00000e+00 0.00000e+00 0.00000e+00 0.00000e+00 0.00000e+00 0.00000e+00 0.00000e+00 0.00000e+00 0.00000e+00 0.00000e+00 0.00000e+00 0.00000e+00 0.00000e+00 0.00000e+00 0.00000e+00 0.00000e+00 0.00000e+00
2.31000e+02 0.00000e+00 0.00000e+00 0.00000e+00 2.21700e-08 4.43709e-08 8.76811e-07 9.59435e-07 5.65897e-06 1.24745e-05 2.42059e-05 4.12139e-05 6.15951e-05 7.46870e-05 7.91933e-05 8.27838e-05 8.09586e-05 7.47566e-05 6.61359e-05 5.43305e-05 4.13522e-05 2.63382e-05 1.15245e-05 1.39033e-06 0.00000e+00 0.00000e+00 0.00000e+00 0.00000e+00 0.00000e+00 0.00000e+00 0.00000e+00 0.00000e+00 0.00000e+00 0.00000e+00 0.00000e+00 0.00000e+00 0.00000e+00 0.00000e+00 0.00000e+00 0.00000e+00 0.00000e+00 0.00000e+00 0.00000e+00
2.50000e+02 0.00000e+00 0.00000e+00 0.00000e+00 6.25406e-09 6.48093e-07 6.61998e-07 2.82353e-06 8.54804e-06 1.46823e-05 2.65078e-05 4.39048e-05 5.93995e-05 7.12810e-05 8.01965e-05 8.35477e-05 8.02246e-05 7.36713e-05 6.54837e-05 5.54418e-05 4.20234e-05 2.84927e-05 1.43226e-05 3.04795e-06 1.03544e-08 0.00000e+00 0.00000e+00 0.00000e+00 0.00000e+00 0.00000e+00 0.00000e+00 0.00000e+00 0.00000e+00 0.00000e+00 0.00000e+00 0.00000e+00 0.00000e+00 0.00000e+00 0.00000e+00 0.00000e+00 0.00000e+00 0.00000e+00 0.00000e+00
2.71000e+02 0.00000e+00 0.00000e+00 0.00000e+00 1.30475e-07 1.31320e-07 1.11156e-06 1.51487e-06 7.50713e-06 1.25777e-05 2.46472e-05 4.10725e-05 5.53919e-05 7.14834e-05 7.88125e-05 7.89425e-05 7.67990e-05 7.15141e-05 6.37775e-05 5.38733e-05 4.22768e-05 3.08004e-05 1.74613e-05 5.18049e-06 1.43703e-07 0.00000e+00 0.00000e+00 0.00000e+00 0.00000e+00 0.00000e+00 0.00000e+00 0.00000e+00 0.00000e+00 0.00000e+00 0.00000e+00 0.00000e+00 0.00000e+00 0.00000e+00 0.00000e+00 0.00000e+00 0.00000e+00 0.00000e+00 0.00000e+00
2.93000e+02 0.00000e+00 0.00000e+00 3.35747e-08 7.46593e-08 2.68368e-07 1.54558e-06 2.67461e-06 4.89050e-06 1.47717e-05 2.68227e-05 4.12131e-05 5.77140e-05 7.02992e-05 7.68571e-05 7.99284e-05 7.72115e-05 7.18828e-05 6.18988e-05 5.29395e-05 4.24227e-05 3.19504e-05 1.94694e-05 7.42255e-06 6.60604e-07 0.00000e+00 0.00000e+00 0.00000e+00 0.00000e+00 0.00000e+00 0.00000e+00 0.00000e+00 0.00000e+00 0.00000e+00 0.00000e+00 0.00000e+00 0.00000e+00 0.00000e+00 0.00000e+00 0.00000e+00 0.00000e+00 0.00000e+00 0.00000e+00
3.17000e+02 0.00000e+00 1.79807e-08 0.00000e+00 1.02135e-06 5.49920e-07 3.42835e-07 3.43142e-06 5.81374e-06 1.35949e-05 2.57317e-05 3.89186e-05 5.69464e-05 7.13974e-05 7.75729e-05 7.87354e-05 7.65452e-05 6.74945e-05 6.17715e-05 5.25652e-05 4.35152e-05 3.30742e-05 2.18196e-05 9.82848e-06 1.49953e-06 0.00000e+00 0.00000e+00 0.00000e+00 0.00000e+00 0.00000e+00 0.00000e+00 0.00000e+00 0.00000e+00 0.00000e+00 0.00000e+00 0.00000e+00 0.00000e+00 0.00000e+00 0.00000e+00 0.00000e+00 0.00000e+00 0.00000e+00 0.00000e+00
3.44000e+02 0.00000e+00 0.00000e+00 0.00000e+00 1.74159e-07 2.25811e-06 2.09992e-06 3.43037e-06 7.56477e-06 1.26848e-05 2.43436e-05 4.13670e-05 5.76636e-05 6.94308e-05 7.75122e-05 7.74389e-05 7.49037e-05 6.81256e-05 5.98723e-05 5.17789e-05 4.24047e-05 3.33461e-05 2.36119e-05 1.25390e-05 3.13846e-06 2.54836e-08 0.00000e+00 0.00000e+00 0.00000e+00 0.00000e+00 0.00000e+00 0.00000e+00 0.00000e+00 0.00000e+00 0.00000e+00 0.00000e+00 0.00000e+00 0.00000e+00 0.00000e+00 0.00000e+00 0.00000e+00 0.00000e+00 0.00000e+00
3.72000e+02 0.00000e+00 0.00000e+00 0.00000e+00 7.09062e-08 1.13567e-07 6.09340e-07 1.99726e-06 6.79635e-06 1.41076e-05 2.60455e-05 4.02666e-05 5.90582e-05 6.93870e-05 7.65944e-05 7.71855e-05 7.19173e-05 6.67770e-05 5.89153e-05 5.03173e-05 4.19272e-05 3.35976e-05 2.39306e-05 1.42364e-05 4.81640e-06 2.25874e-07 0.00000e+00 0.00000e+00 0.00000e+00 0.00000e+00 0.00000e+00 0.00000e+00 0.00000e+00 0.00000e+00 0.00000e+00 0.00000e+00 0.00000e+00 0.00000e+00 0.00000e+00 0.00000e+00 0.00000e+00 0.00000e+00 0.00000e+00
4.02000e+02 0.00000e+00 0.00000e+00 0.00000e+00 1.92383e-06 7.55400e-08 1.05095e-06 2.35184e-06 7.86447e-06 1.21723e-05 2.68022e-05 4.25676e-05 5.88483e-05 6.85793e-05 7.70871e-05 7.70498e-05 7.29506e-05 6.82753e-05 5.96083e-05 4.91556e-05 4.15649e-05 3.35855e-05 2.48976e-05 1.54136e-05 6.63298e-06 6.79216e-07 0.00000e+00 0.00000e+00 0.00000e+00 0.00000e+00 0.00000e+00 0.00000e+00 0.00000e+00 0.00000e+00 0.00000e+00 0.00000e+00 0.00000e+00 0.00000e+00 0.00000e+00 0.00000e+00 0.00000e+00 0.00000e+00 0.00000e+00
4.36000e+02 0.00000e+00 0.00000e+00 0.00000e+00 2.86555e-08 1.16716e-07 8.00084e-07 1.56842e-06 6.21052e-06 1.44849e-05 2.49033e-05 4.14851e-05 5.86922e-05 6.95560e-05 7.96237e-05 7.97638e-05 7.25864e-05 6.61802e-05 5.74764e-05 4.88283e-05 4.08719e-05 3.36300e-05 2.55742e-05 1.69386e-05 8.62920e-06 1.66396e-06 1.08527e-10 0.00000e+00 0.00000e+00 0.00000e+00 0.00000e+00 0.00000e+00 0.00000e+00 0.00000e+00 0.00000e+00 0.00000e+00 0.00000e+00 0.00000e+00 0.00000e+00 0.00000e+00 0.00000e+00 0.00000e+00 0.00000e+00
4.71000e+02 0.00000e+00 0.00000e+00 6.43461e-08 0.00000e+00 1.25026e-07 1.03774e-06 2.43815e-06 8.30189e-06 1.49968e-05 2.55024e-05 4.52492e-05 5.61541e-05 7.36860e-05 7.62307e-05 7.61699e-05 7.26303e-05 6.61573e-05 5.69804e-05 4.82273e-05 4.03838e-05 3.26574e-05 2.58264e-05 1.82941e-05 1.01904e-05 2.97976e-06 4.33428e-08 0.00000e+00 0.00000e+00 0.00000e+00 0.00000e+00 0.00000e+00 0.00000e+00 0.00000e+00 0.00000e+00 0.00000e+00 0.00000e+00 0.00000e+00 0.00000e+00 0.00000e+00 0.00000e+00 0.00000e+00 0.00000e+00
5.10000e+02 0.00000e+00 6.96158e-08 0.00000e+00 1.85807e-06 1.76904e-07 7.22836e-07 2.80543e-06 8.17472e-06 1.23525e-05 2.84900e-05 4.63755e-05 5.98825e-05 7.00290e-05 7.69732e-05 7.82498e-05 7.31206e-05 6.51032e-05 5.52411e-05 4.71494e-05 3.92015e-05 3.36193e-05 2.64059e-05 1.88061e-05 1.14240e-05 4.40888e-06 2.79978e-07 0.00000e+00 0.00000e+00 0.00000e+00 0.00000e+00 0.00000e+00 0.00000e+00 0.00000e+00 0.00000e+00 0.00000e+00 0.00000e+00 0.00000e+00 0.00000e+00 0.00000e+00 0.00000e+00 0.00000e+00 0.00000e+00
5.52000e+02 0.00000e+00 0.00000e+00 6.06526e-08 4.00949e-08 1.04579e-06 1.20010e-06 4.70888e-06 8.68380e-06 1.33166e-05 2.77050e-05 4.19374e-05 6.12102e-05 7.16862e-05 7.64084e-05 8.09714e-05 7.37840e-05 6.44717e-05 5.63704e-05 4.71281e-05 3.86771e-05 3.21714e-05 2.62377e-05 1.96714e-05 1.23836e-05 5.66219e-06 8.25246e-07 0.00000e+00 0.00000e+00 0.00000e+00 0.00000e+00 0.00000e+00 0.00000e+00 0.00000e+00 0.00000e+00 0.00000e+00 0.00000e+00 0.00000e+00 0.00000e+00 0.00000e+00 0.00000e+00 0.00000e+00 0.00000e+00
5.98000e+02 0.00000e+00 0.00000e+00 1.73785e-07 1.13419e-07 9.83652e-08 8.16056e-07 3.23949e-06 8.99610e-06 1.34831e-05 2.80650e-05 4.37429e-05 6.39322e-05 7.39819e-05 8.10932e-05 8.02592e-05 7.42186e-05 6.46855e-05 5.72882e-05 4.70400e-05 3.87269e-05 3.17233e-05 2.59138e-05 2.01400e-05 1.36730e-05 7.00415e-06 1.64047e-06 3.31137e-09 0.00000e+00 0.00000e+00 0.00000e+00 0.00000e+00 0.00000e+00 0.00000e+00 0.00000e+00 0.00000e+00 0.00000e+00 0.00000e+00 0.00000e+00 0.00000e+00 0.00000e+00 0.00000e+00 0.00000e+00
6.47000e+02 6.36251e-08 0.00000e+00 0.00000e+00 1.16227e-07 3.12647e-07 3.96486e-06 2.27570e-06 9.39688e-06 1.46396e-05 2.85909e-05 4.09341e-05 6.11931e-05 7.44023e-05 7.82163e-05 7.95803e-05 7.35726e-05 6.63995e-05 5.70705e-05 4.66128e-05 3.94073e-05 3.08083e-05 2.53354e-05 1.99028e-05 1.44635e-05 8.16031e-06 2.70421e-06 8.93192e-08 0.00000e+00 0.00000e+00 0.00000e+00 0.00000e+00 0.00000e+00 0.00000e+00 0.00000e+00 0.00000e+00 0.00000e+00 0.00000e+00 0.00000e+00 0.00000e+00 0.00000e+00 0.00000e+00 0.00000e+00
7.00000e+02 0.00000e+00 0.00000e+00 7.42350e-08 9.90905e-08 2.39861e-07 2.01831e-06 2.39293e-06 7.44719e-06 1.59569e-05 2.88215e-05 4.49217e-05 5.95399e-05 7.59373e-05 8.15929e-05 8.31681e-05 7.64292e-05 6.61946e-05 5.61929e-05 4.78598e-05 3.79508e-05 3.09897e-05 2.49491e-05 2.02866e-05 1.50151e-05 9.18957e-06 3.76990e-06 3.83770e-07 0.00000e+00 0.00000e+00 0.00000e+00 0.00000e+00 0.00000e+00 0.00000e+00 0.00000e+00 0.00000e+00 0.00000e+00 0.00000e+00 0.00000e+00 0.00000e+00 0.00000e+00 0.00000e+00 0.00000e+00
7.58000e+02 7.99683e-08 0.00000e+00 5.72092e-07 2.24153e-07 2.96848e-07 1.00663e-06 2.57523e-06 8.08604e-06 1.46878e-05 2.93134e-05 4.37743e-05 6.29908e-05 7.79890e-05 8.16169e-05 8.47260e-05 7.60900e-05 6.87490e-05 5.68792e-05 4.70581e-05 3.83568e-05 3.03238e-05 2.47279e-05 1.96438e-05 1.53830e-05 1.01083e-05 4.84279e-06 8.29039e-07 0.00000e+00 0.00000e+00 0.00000e+00 0.00000e+00 0.00000e+00 0.00000e+00 0.00000e+00 0.00000e+00 0.00000e+00 0.00000e+00 0.00000e+00 0.00000e+00 0.00000e+00 0.00000e+00 0.00000e+00
8.20000e+02 0.00000e+00 0.00000e+00 8.51289e-08 2.98283e-09 2.85749e-07 5.26292e-07 2.88410e-06 7.43325e-06 1.68331e-05 2.99709e-05 4.54959e-05 6.37805e-05 7.99153e-05 8.30466e-05 8.39881e-05 7.75002e-05 6.73604e-05 5.63144e-05 4.61544e-05 3.79633e-05 3.00825e-05 2.47840e-05 2.01540e-05 1.55775e-05 1.06623e-05 5.81707e-06 1.53827e-06 7.28374e-09 0.00000e+00 0.00000e+00 0.00000e+00 0.00000e+00 0.00000e+00 0.00000e+00 0.00000e+00 0.00000e+00 0.00000e+00 0.00000e+00 0.00000e+00 0.00000e+00 0.00000e+00 0.00000e+00
8.88000e+02 0.00000e+00 0.00000e+00 1.93236e-07 5.22406e-08 1.64278e-06 1.25889e-06 2.39346e-06 9.36770e-06 1.78926e-05 3.24095e-05 4.95815e-05 6.40763e-05 8.01239e-05 8.35223e-05 8.36095e-05 7.90026e-05 7.00222e-05 5.80644e-05 4.67948e-05 3.80708e-05 3.01618e-05 2.47620e-05 2.00012e-05 1.54614e-05 1.11875e-05 6.68956e-06 2.41711e-06 1.25196e-07 0.00000e+00 0.00000e+00 0.00000e+00 0.00000e+00 0.00000e+00 0.00000e+00 0.00000e+00 0.00000e+00 0.00000e+00 0.00000e+00 0.00000e+00 0.00000e+00 0.00000e+00 0.00000e+00
9.61000e+02 0.00000e+00 0.00000e+00 1.50810e-07 1.45504e-07 4.07919e-07 2.33697e-06 3.39304e-06 1.11333e-05 1.96030e-05 2.64658e-05 4.47333e-05 6.65777e-05 8.12682e-05 8.97971e-05 8.66652e-05 8.00187e-05 6.97760e-05 5.92490e-05 4.85526e-05 3.84140e-05 3.00425e-05 2.36811e-05 1.99038e-05 1.54210e-05 1.12664e-05 7.44263e-06 3.36427e-06 3.81578e-07 0.00000e+00 0.00000e+00 0.00000e+00 0.00000e+00 0.00000e+00 0.00000e+00 0.00000e+00 0.00000e+00 0.00000e+00 0.00000e+00 0.00000e+00 0.00000e+00 0.00000e+00 0.00000e+00
1.04000e+03 0.00000e+00 0.00000e+00 8.97208e-08 9.41466e-09 9.13592e-08 2.29346e-06 4.83285e-06 9.95903e-06 1.72188e-05 3.14926e-05 4.75609e-05 6.62712e-05 8.15040e-05 8.90699e-05 8.70234e-05 8.26790e-05 7.06194e-05 5.78600e-05 4.82420e-05 3.88660e-05 2.97021e-05 2.40948e-05 1.94261e-05 1.56389e-05 1.16097e-05 8.03398e-06 4.04928e-06 8.53306e-07 0.00000e+00 0.00000e+00 0.00000e+00 0.00000e+00 0.00000e+00 0.00000e+00 0.00000e+00 0.00000e+00 0.00000e+00 0.00000e+00 0.00000e+00 0.00000e+00 0.00000e+00 0.00000e+00
1.12500e+03 0.00000e+00 0.00000e+00 0.00000e+00 6.57739e-07 3.63537e-07 1.54179e-06 2.42492e-06 7.02793e-06 1.90642e-05 2.91468e-05 5.18680e-05 6.48200e-05 8.00743e-05 8.80856e-05 8.94409e-05 8.39827e-05 7.39754e-05 6.04539e-05 4.82119e-05 3.82974e-05 3.06833e-05 2.34227e-05 1.90470e-05 1.52951e-05 1.17860e-05 8.31721e-06 4.70252e-06 1.43908e-06 1.93189e-08 0.00000e+00 0.00000e+00 0.00000e+00 0.00000e+00 0.00000e+00 0.00000e+00 0.00000e+00 0.00000e+00 0.00000e+00 0.00000e+00 0.00000e+00 0.00000e+00 0.00000e+00
1.21800e+03 0.00000e+00 0.00000e+00 0.00000e+00 6.33113e-08 1.87476e-07 9.62913e-07 3.16675e-06 1.11266e-05 2.07501e-05 3.25997e-05 5.50605e-05 7.13392e-05 8.12109e-05 9.06169e-05 9.26999e-05 8.69697e-05 7.49842e-05 6.25985e-05 4.90910e-05 3.84622e-05 3.01070e-05 2.38433e-05 1.89850e-05 1.51278e-05 1.18846e-05 8.63939e-06 5.31899e-06 2.09161e-06 1.34297e-07 0.00000e+00 0.00000e+00 0.00000e+00 0.00000e+00 0.00000e+00 0.00000e+00 0.00000e+00 0.00000e+00 0.00000e+00 0.00000e+00 0.00000e+00 0.00000e+00 0.00000e+00
1.31800e+03 0.00000e+00 0.00000e+00 0.00000e+00 2.17909e-07 1.28524e-06 1.54965e-06 3.98191e-06 6.15341e-06 1.84413e-05 3.15168e-05 5.13822e-05 7.12831e-05 7.93993e-05 9.18758e-05 9.41927e-05 8.62189e-05 7.67823e-05 6.37429e-05 5.07722e-05 3.88551e-05 3.03079e-05 2.34289e-05 1.85017e-05 1.48411e-05 1.17107e-05 8.76591e-06 5.69731e-06 2.74994e-06 3.99448e-07 0.00000e+00 0.00000e+00 0.00000e+00 0.00000e+00 0.00000e+00 0.00000e+00 0.00000e+00 0.00000e+00 0.00000e+00 0.00000e+00 0.00000e+00 0.00000e+00 0.00000e+00
1.42700e+03 0.00000e+00 0.00000e+00 8.14271e-08 2.61496e-08 4.73087e-07 8.57345e-07 2.30968e-06 6.30628e-06 1.52644e-05 2.88004e-05 5.35944e-05 7.81250e-05 7.97639e-05 9.09377e-05 9.57541e-05 8.97514e-05 7.87953e-05 6.38479e-05 5.01288e-05 3.92396e-05 3.09639e-05 2.39442e-05 1.84515e-05 1.48022e-05 1.17771e-05 8.76151e-06 6.12671e-06 3.26501e-06 7.46320e-07 6.79173e-10 0.00000e+00 0.00000e+00 0.00000e+00 0.00000e+00 0.00000e+00 0.00000e+00 0.00000e+00 0.00000e+00 0.00000e+00 0.00000e+00 0.00000e+00 0.00000e+00
1.54400e+03 0.00000e+00 1.00610e-07 0.00000e+00 2.66615e-08 3.06423e-07 8.66040e-07 2.72813e-06 1.08314e-05 2.06695e-05 2.90831e-05 5.64740e-05 6.80309e-05 8.85366e-05 9.83018e-05 9.48728e-05 8.80720e-05 7.86864e-05 6.65855e-05 5.30048e-05 4.04260e-05 3.15729e-05 2.42070e-05 1.86018e-05 1.47055e-05 1.17978e-05 8.98670e-06 6.41025e-06 3.72137e-06 1.26681e-06 3.11052e-08 0.00000e+00 0.00000e+00 0.00000e+00 0.00000e+00 0.00000e+00 0.00000e+00 0.00000e+00 0.00000e+00 0.00000e+00 0.00000e+00 0.00000e+00 0.00000e+00
1.67100e+03 0.00000e+00 0.00000e+00 1.11324e-07 9.61287e-08 1.23703e-06 2.59546e-06 3.27940e-06 1.02253e-05 2.03232e-05 3.40598e-05 5.32410e-05 7.08716e-05 8.78607e-05 9.58821e-05 9.88449e-05 9.00500e-05 8.15879e-05 6.91708e-05 5.41029e-05 4.20949e-05 3.12121e-05 2.39426e-05 1.85432e-05 1.44796e-05 1.14978e-05 9.11303e-06 6.59482e-06 4.13891e-06 1.75932e-06 1.58191e-07 0.00000e+00 0.00000e+00 0.00000e+00 0.00000e+00 0.00000e+00 0.00000e+00 0.00000e+00 0.00000e+00 0.00000e+00 0.00000e+00 0.00000e+00 0.00000e+00
1.80800e+03 0.00000e+00 0.00000e+00 2.47258e-06 1.98673e-07 8.18696e-07 1.19901e-06 5.33256e-06 8.10529e-06 1.92111e-05 3.48183e-05 5.24428e-05 7.49580e-05 8.97791e-05 9.68006e-05 9.89929e-05 9.87533e-05 8.45139e-05 6.93416e-05 5.51683e-05 4.29972e-05 3.19100e-05 2.43405e-05 1.83173e-05 1.41643e-05 1.15091e-05 8.98602e-06 6.70699e-06 4.48685e-06 2.17144e-06 3.89514e-07 0.00000e+00 0.00000e+00 0.00000e+00 0.00000e+00 0.00000e+00 0.00000e+00 0.00000e+00 0.00000e+00 0.00000e+00 0.00000e+00 0.00000e+00 0.00000e+00
1.95700e+03 0.00000e+00 0.00000e+00 0.00000e+00 1.04717e-07 9.23761e-07 1.81876e-06 3.41176e-06 1.15368e-05 2.05617e-05 3.30025e-05 5.89119e-05 7.98789e-05 8.66988e-05 9.84958e-05 9.90409e-05 9.58199e-05 8.66736e-05 7.04888e-05 5.76910e-05 4.34051e-05 3.30929e-05 2.42166e-05 1.85257e-05 1.43743e-05 1.14649e-05 8.94507e-06 6.73938e-06 4.80427e-06 2.66762e-06 7.30352e-07 1.99862e-09 0.00000e+00 0.00000e+00 0.00000e+00 0.00000e+00 0.00000e+00 0.00000e+00 0.00000e+00 0.00000e+00 0.00000e+00 0.00000e+00 0.00000e+00
2.11800e+03 0.00000e+00 0.00000e+00 7.10530e-08 3.30724e-07 6.78838e-07 2.10605e-06 6.27010e-06 8.13594e-06 1.90733e-05 3.63481e-05 5.69157e-05 7.66421e-05 9.06947e-05 9.86183e-05 1.02550e-04 9.69353e-05 8.78978e-05 7.31933e-05 5.89235e-05 4.40614e-05 3.36604e-05 2.50369e-05 1.86636e-05 1.41959e-05 1.11944e-05 8.79386e-06 6.87722e-06 4.85477e-06 2.97875e-06 1.05371e-06 4.63955e-08 0.00000e+00 0.00000e+00 0.00000e+00 0.00000e+00 0.00000e+00 0.00000e+00 0.00000e+00 0.00000e+00 0.00000e+00 0.00000e+00 0.00000e+00
2.29200e+03 0.00000e+00 0.00000e+00 7.35757e-08 3.35220e-06 2.11136e-06 2.73487e-06 4.80995e-06 1.04278e-05 1.64286e-05 3.33778e-05 5.78605e-05 8.14590e-05 9.22358e-05 1.01348e-04 1.03817e-04 9.70212e-05 8.97737e-05 7.56687e-05 6.15942e-05 4.74217e-05 3.40324e-05 2.52874e-05 1.90565e-05 1.38440e-05 1.08460e-05 8.79445e-06 6.78051e-06 5.14465e-06 3.24298e-06 1.49404e-06 1.64902e-07 0.00000e+00 0.00000e+00 0.00000e+00 0.00000e+00 0.00000e+00 0.00000e+00 0.00000e+00 0.00000e+00 0.00000e+00 0.00000e+00 0.00000e+00
2.48100e+03 0.00000e+00 0.00000e+00 0.00000e+00 6.66749e-08 3.56135e-06 7.40933e-07 3.57160e-06 9.39296e-06 1.85664e-05 3.91860e-05 5.96698e-05 8.14608e-05 9.33253e-05 1.04768e-04 1.04692e-04 1.01982e-04 9.32972e-05 7.82817e-05 6.47176e-05 4.66142e-05 3.61175e-05 2.56557e-05 1.89045e-05 1.41525e-05 1.10778e-05 8.65527e-06 6.78703e-06 5.14029e-06 3.54754e-06 1.81143e-06 3.64851e-07 0.00000e+00 0.00000e+00 0.00000e+00 0.00000e+00 0.00000e+00 0.00000e+00 0.00000e+00 0.00000e+00 0.00000e+00 0.00000e+00 0.00000e+00
2.68500e+03 0.00000e+00 0.00000e+00 0.00000e+00 8.57077e-08 2.32445e-07 8.73195e-07 4.47848e-06 1.46742e-05 2.11516e-05 3.58385e-05 6.29469e-05 7.68314e-05 9.94205e-05 1.07597e-04 1.11630e-04 1.04571e-04 9.40225e-05 7.88764e-05 6.46963e-05 4.96620e-05 3.68453e-05 2.64411e-05 1.96781e-05 1.45255e-05 1.09259e-05 8.47907e-06 6.76250e-06 5.16340e-06 3.74378e-06 2.04323e-06 6.10328e-07 6.17515e-09 0.00000e+00 0.00000e+00 0.00000e+00 0.00000e+00 0.00000e+00 0.00000e+00 0.00000e+00 0.00000e+00 0.00000e+00 0.00000e+00
2.90600e+03 0.00000e+00 0.00000e+00 6.03314e-07 5.14376e-07 3.48902e-07 6.91255e-07 2.17405e-06 1.01402e-05 2.28120e-05 3.48362e-05 6.12705e-05 7.99120e-05 9.57481e-05 1.05113e-04 1.10979e-04 1.05031e-04 9.78120e-05 8.16953e-05 6.75561e-05 5.20509e-05 3.79402e-05 2.74704e-05 1.98568e-05 1.48557e-05 1.08811e-05 8.58032e-06 6.75176e-06 5.16387e-06 3.74307e-06 2.33884e-06 9.46958e-07 5.76045e-08 0.00000e+00 0.00000e+00 0.00000e+00 0.00000e+00 0.00000e+00 0.00000e+00 0.00000e+00 0.00000e+00 0.00000e+00 0.00000e+00
3.14500e+03 0.00000e+00 0.00000e+00 8.59393e-08 2.10283e-07 5.04431e-07 3.22519e-06 2.03492e-06 1.48863e-05 2.44631e-05 3.67103e-05 6.43602e-05 8.05210e-05 1.00170e-04 1.09812e-04 1.10443e-04 1.10251e-04 9.84778e-05 8.48814e-05 6.87382e-05 5.41781e-05 3.97567e-05 2.83934e-05 2.14977e-05 1.48437e-05 1.13309e-05 8.57026e-06 6.57921e-06 5.20416e-06 3.90428e-06 2.50476e-06 1.16066e-06 1.77221e-07 0.00000e+00 0.00000e+00 0.00000e+00 0.00000e+00 0.00000e+00 0.00000e+00 0.00000e+00 0.00000e+00 0.00000e+00 0.00000e+00
3.40400e+03 0.00000e+00 0.00000e+00 8.23801e-08 5.91085e-07 3.41423e-06 1.45968e-06 6.68446e-06 1.08652e-05 2.19406e-05 3.96738e-05 6.93421e-05 7.54139e-05 9.81631e-05 1.08765e-04 1.16580e-04 1.08958e-04 1.01190e-04 8.64702e-05 6.95417e-05 5.57564e-05 4.06142e-05 2.98126e-05 2.17430e-05 1.50694e-05 1.12918e-05 8.55403e-06 6.67728e-06 5.25214e-06 3.96109e-06 2.68155e-06 1.44623e-06 3.39839e-07 0.00000e+00 0.00000e+00 0.00000e+00 0.00000e+00 0.00000e+00 0.00000e+00 0.00000e+00 0.00000e+00 0.00000e+00 0.00000e+00
3.68400e+03 0.00000e+00 0.00000e+00 8.82331e-08 6.11795e-06 2.63371e-06 1.28552e-06 4.85849e-06 1.51629e-05 1.88163e-05 4.10671e-05 6.60571e-05 8.28639e-05 9.99107e-05 1.12252e-04 1.15951e-04 1.08352e-04 1.01765e-04 9.04370e-05 7.26955e-05 5.73544e-05 4.17929e-05 3.05630e-05 2.19090e-05 1.54389e-05 1.14825e-05 8.55451e-06 6.51351e-06 5.28351e-06 3.97787e-06 2.75645e-06 1.59873e-06 5.57989e-07 1.16251e-08 0.00000e+00 0.00000e+00 0.00000e+00 0.00000e+00 0.00000e+00 0.00000e+00 0.00000e+00 0.00000e+00 0.00000e+00
3.98600e+03 0.00000e+00 3.78146e-07 0.00000e+00 4.13871e-06 1.30982e-06 9.92422e-07 4.52998e-06 1.24429e-05 1.91103e-05 3.67284e-05 6.58627e-05 8.91593e-05 1.04978e-04 1.18929e-04 1.16195e-04 1.16400e-04 1.04721e-04 9.08489e-05 7.46045e-05 6.01983e-05 4.31765e-05 3.21081e-05 2.28262e-05 1.60226e-05 1.17664e-05 8.46273e-06 6.61168e-06 5.26918e-06 3.92002e-06 2.82700e-06 1.77673e-06 7.41702e-07 6.40918e-08 0.00000e+00 0.00000e+00 0.00000e+00 0.00000e+00 0.00000e+00 0.00000e+00 0.00000e+00 0.00000e+00 0.00000e+00
4.31400e+03 0.00000e+00 3.27364e-07 1.44767e-06 0.00000e+00 9.94408e-07 3.40275e-06 3.97429e-06 1.26929e-05 1.50539e-05 4.21664e-05 7.39711e-05 8.75681e-05 1.04893e-04 1.16770e-04 1.21161e-04 1.14647e-04 1.09719e-04 9.28957e-05 7.86854e-05 5.99665e-05 4.57072e-05 3.30195e-05 2.31939e-05 1.64283e-05 1.17234e-05 8.81453e-06 6.57374e-06 5.12925e-06 3.95850e-06 3.00853e-06 1.96766e-06 9.41395e-07 1.73697e-07 0.00000e+00 0.00000e+00 0.00000e+00 0.00000e+00 0.00000e+00 0.00000e+00 0.00000e+00 0.00000e+00 0.00000e+00
4.66900e+03 0.00000e+00 0.00000e+00 3.35543e-08 3.23845e-07 4.71596e-07 3.46521e-06 3.31358e-06 1.03049e-05 2.03183e-05 4.16178e-05 6.28697e-05 8.85687e-05 1.08263e-04 1.20981e-04 1.16949e-04 1.16656e-04 1.08496e-04 9.51160e-05 8.05378e-05 6.23338e-05 4.70550e-05 3.45286e-05 2.48958e-05 1.71025e-05 1.18730e-05 8.58204e-06 6.56232e-06 5.00340e-06 3.92376e-06 2.99576e-06 2.00235e-06 1.11249e-06 3.03866e-07 3.86918e-11 0.00000e+00 0.00000e+00 0.00000e+00 0.00000e+00 0.00000e+00 0.00000e+00 0.00000e+00 0.00000e+00
5.05300e+03 0.00000e+00 1.96552e-07 0.00000e+00 2.08045e-07 5.22605e-07 3.58414e-06 3.62041e-06 1.08554e-05 2.61186e-05 4.48782e-05 6.18447e-05 8.91468e-05 1.09219e-04 1.16815e-04 1.22266e-04 1.20585e-04 1.13591e-04 1.00480e-04 8.26671e-05 6.63608e-05 4.89844e-05 3.55597e-05 2.52657e-05 1.78782e-05 1.25644e-05 8.89577e-06 6.51512e-06 5.04783e-06 3.93176e-06 2.97890e-06 2.16772e-06 1.27158e-06 4.44081e-07 1.55194e-08 0.00000e+00 0.00000e+00 0.00000e+00 0.00000e+00 0.00000e+00 0.00000e+00 0.00000e+00 0.00000e+00
5.46900e+03 0.00000e+00 0.00000e+00 0.00000e+00 0.00000e+00 3.19715e-06 1.18618e-06 7.26892e-06 1.07096e-05 2.85780e-05 4.43262e-05 6.59303e-05 9.30994e-05 1.10416e-04 1.16514e-04 1.23989e-04 1.18681e-04 1.14046e-04 1.02517e-04 8.43888e-05 6.72378e-05 5.17101e-05 3.77530e-05 2.63820e-05 1.82416e-05 1.27227e-05 9.02696e-06 6.50729e-06 5.03421e-06 3.95055e-06 2.96679e-06 2.15738e-06 1.40562e-06 6.46501e-07 6.06620e-08 0.00000e+00 0.00000e+00 0.00000e+00 0.00000e+00 0.00000e+00 0.00000e+00 0.00000e+00 0.00000e+00
5.91900e+03 0.00000e+00 0.00000e+00 0.00000e+00 4.71929e-07 9.59731e-07 3.93222e-06 7.91178e-06 1.32624e-05 2.10611e-05 4.16993e-05 6.95508e-05 9.43395e-05 1.10046e-04 1.17239e-04 1.26163e-04 1.26403e-04 1.14650e-04 1.04831e-04 8.96413e-05 6.97095e-05 5.20419e-05 3.82621e-05 2.76110e-05 1.93659e-05 1.28060e-05 9.08154e-06 6.64923e-06 5.17169e-06 3.95915e-06 2.97920e-06 2.25583e-06 1.46877e-06 7.60273e-07 1.48934e-07 0.00000e+00 0.00000e+00 0.00000e+00 0.00000e+00 0.00000e+00 0.00000e+00 0.00000e+00 0.00000e+00
6.40500e+03 0.00000e+00 0.00000e+00 1.48325e-07 1.75785e-07 1.57786e-06 4.58451e-06 5.13121e-06 7.91074e-06 2.03320e-05 4.02687e-05 6.59355e-05 9.51883e-05 1.13520e-04 1.25884e-04 1.31904e-04 1.30932e-04 1.22332e-04 1.05776e-04 9.08706e-05 7.12571e-05 5.36062e-05 3.96907e-05 2.84444e-05 2.02112e-05 1.33543e-05 9.47040e-06 6.65557e-06 4.94158e-06 3.91401e-06 2.96792e-06 2.32145e-06 1.55768e-06 8.67086e-07 2.72592e-07 6.32043e-10 0.00000e+00 0.00000e+00 0.00000e+00 0.00000e+00 0.00000e+00 0.00000e+00 0.00000e+00
6.93200e+03 0.00000e+00 0.00000e+00 0.00000e+00 1.80460e-06 7.50811e-07 3.04225e-06 7.55040e-06 1.03079e-05 2.55091e-05 4.65008e-05 7.37685e-05 9.95868e-05 1.14510e-04 1.30542e-04 1.31077e-04 1.30424e-04 1.22028e-04 1.05746e-04 9.36325e-05 7.38978e-05 5.73037e-05 4.11776e-05 3.05787e-05 2.06544e-05 1.42984e-05 9.69645e-06 7.14651e-06 5.17243e-06 3.93186e-06 3.04383e-06 2.28970e-06 1.59647e-06 9.71861e-07 3.84826e-07 1.81897e-08 0.00000e+00 0.00000e+00 0.00000e+00 0.00000e+00 0.00000e+00 0.00000e+00 0.00000e+00
7.50200e+03 0.00000e+00 0.00000e+00 0.00000e+00 2.22437e-06 4.72591e-07 5.19461e-06 4.18892e-06 9.47806e-06 2.46812e-05 4.69333e-05 6.95327e-05 9.37535e-05 1.17962e-04 1.28241e-04 1.33304e-04 1.30224e-04 1.21066e-04 1.10228e-04 9.64693e-05 7.79849e-05 5.73337e-05 4.38382e-05 3.13331e-05 2.13859e-05 1.48206e-05 1.00133e-05 7.21124e-06 5.10846e-06 3.84146e-06 2.99215e-06 2.28555e-06 1.66581e-06 1.07426e-06 5.01500e-07 6.25914e-08 0.00000e+00 0.00000e+00 0.00000e+00 0.00000e+00 0.00000e+00 0.00000e+00 0.00000e+00
8.11900e+03 0.00000e+00 0.00000e+00 3.52954e-08 2.85720e-08 3.75117e-07 1.83594e-06 5.48318e-06 1.16168e-05 1.93980e-05 4.83600e-05 6.49699e-05 9.54096e-05 1.14047e-04 1.32773e-04 1.38439e-04 1.36999e-04 1.23988e-04 1.11025e-04 9.84395e-05 8.09039e-05 6.06065e-05 4.38831e-05 3.28859e-05 2.27551e-05 1.53754e-05 1.05324e-05 7.24835e-06 5.25531e-06 3.87688e-06 2.97791e-06 2.27681e-06 1.73858e-06 1.13979e-06 5.91094e-07 1.37308e-07 0.00000e+00 0.00000e+00 0.00000e+00 0.00000e+00 0.00000e+00 0.00000e+00 0.00000e+00
8.78700e+03 0.00000e+00 0.00000e+00 0.00000e+00 4.17319e-07 4.92755e-07 2.06424e-06 8.89955e-06 1.42658e-05 2.82831e-05 4.09931e-05 6.88777e-05 9.76892e-05 1.21933e-04 1.32022e-04 1.38553e-04 1.38260e-04 1.30289e-04 1.15139e-04 9.91566e-05 8.23834e-05 6.29773e-05 4.63055e-05 3.34643e-05 2.36102e-05 1.60717e-05 1.07496e-05 7.68659e-06 5.28164e-06 3.85782e-06 2.93021e-06 2.27599e-06 1.73835e-06 1.20993e-06 7.03963e-07 2.21430e-07 3.15721e-09 0.00000e+00 0.00000e+00 0.00000e+00 0.00000e+00 0.00000e+00 0.00000e+00
9.51000e+03 0.00000e+00 0.00000e+00 0.00000e+00 9.45021e-08 1.33969e-06 3.63286e-06 6.03460e-06 1.22417e-05 2.64975e-05 4.77004e-05 7.04676e-05 9.66386e-05 1.19284e-04 1.30071e-04 1.39652e-04 1.42385e-04 1.30990e-04 1.18700e-04 1.04056e-04 8.29042e-05 6.60517e-05 4.91124e-05 3.47521e-05 2.42940e-05 1.71641e-05 1.14718e-05 7.90509e-06 5.47138e-06 3.95540e-06 2.95351e-06 2.27104e-06 1.75300e-06 1.24373e-06 7.61822e-07 3.18591e-07 2.11355e-08 0.00000e+00 0.00000e+00 0.00000e+00 0.00000e+00 0.00000e+00 0.00000e+00
1.02920e+04 0.00000e+00 0.00000e+00 1.21309e-07 9.79135e-08 1.92211e-07 1.17347e-06 1.07838e-05 1.04178e-05 2.51600e-05 4.57979e-05 6.84489e-05 9.97165e-05 1.20527e-04 1.44923e-04 1.46866e-04 1.45613e-04 1.33840e-04 1.20461e-04 1.04133e-04 8.56878e-05 6.73325e-05 5.00984e-05 3.53196e-05 2.59819e-05 1.77987e-05 1.17564e-05 8.13293e-06 5.53617e-06 3.92481e-06 3.02355e-06 2.31964e-06 1.72871e-06 1.29985e-06 8.35303e-07 4.18064e-07 5.95129e-08 0.00000e+00 0.00000e+00 0.00000e+00 0.00000e+00 0.00000e+00 0.00000e+00
1.11380e+04 0.00000e+00 0.00000e+00 0.00000e+00 3.45590e-07 1.40887e-07 5.98721e-06 4.89762e-06 1.18913e-05 3.13282e-05 5.83365e-05 6.95154e-05 9.94502e-05 1.35946e-04 1.32835e-04 1.38293e-04 1.33846e-04 1.32920e-04 1.15895e-04 1.12334e-04 8.56059e-05 6.67389e-05 5.12569e-05 3.81589e-05 2.74076e-05 1.88415e-05 1.25584e-05 8.46645e-06 5.74825e-06 4.02667e-06 2.94427e-06 2.27794e-06 1.76422e-06 1.23428e-06 8.91091e-07 4.90056e-07 1.22135e-07 0.00000e+00 0.00000e+00 0.00000e+00 0.00000e+00 0.00000e+00 0.00000e+00
1.20540e+04 0.00000e+00 0.00000e+00 0.00000e+00 0.00000e+00 1.71241e-07 5.40068e-06 6.11551e-06 1.01769e-05 2.62478e-05 3.40638e-05 6.77395e-05 9.12741e-05 1.28540e-04 1.35433e-04 1.47109e-04 1.49032e-04 1.43073e-04 1.28680e-04 1.08257e-04 9.02418e-05 7.37527e-05 5.56039e-05 4.00152e-05 2.77489e-05 1.96787e-05 1.35586e-05 8.55864e-06 6.03256e-06 4.21933e-06 2.91181e-06 2.20406e-06 1.66055e-06 1.30714e-06 9.05614e-07 5.40297e-07 1.98165e-07 7.28590e-09 0.00000e+00 0.00000e+00 0.00000e+00 0.00000e+00 0.00000e+00
1.30460e+04 0.00000e+00 0.00000e+00 8.70284e-08 0.00000e+00 3.81796e-07 1.13868e-06 1.19554e-05 1.12223e-05 2.84704e-05 5.48964e-05 6.70744e-05 8.83811e-05 1.19222e-04 1.43272e-04 1.47196e-04 1.55651e-04 1.42033e-04 1.23797e-04 1.08013e-04 9.42980e-05 7.39739e-05 5.66993e-05 4.19599e-05 2.87657e-05 1.92235e-05 1.42515e-05 8.92639e-06 6.19354e-06 4.26298e-06 2.81164e-06 2.26435e-06 1.71592e-06 1.33061e-06 9.60312e-07 5.81095e-07 2.68479e-07 2.43698e-08 0.00000e+00 0.00000e+00 0.00000e+00 0.00000e+00 0.00000e+00
1.41190e+04 0.00000e+00 0.00000e+00 0.00000e+00 0.00000e+00 1.55821e-07 1.03931e-06 1.13469e-05 1.18164e-05 2.53636e-05 4.55958e-05 7.41661e-05 9.70550e-05 1.28262e-04 1.47984e-04 1.47495e-04 1.51317e-04 1.40920e-04 1.33391e-04 1.12998e-04 9.58692e-05 7.77538e-05 5.88459e-05 4.33644e-05 2.96500e-05 2.13374e-05 1.40420e-05 9.75174e-06 6.21787e-06 4.32148e-06 3.09281e-06 2.31924e-06 1.80401e-06 1.36390e-06 9.51415e-07 6.57503e-07 3.20460e-07 5.52449e-08 0.00000e+00 0.00000e+00 0.00000e+00 0.00000e+00 0.00000e+00
1.52800e+04 0.00000e+00 0.00000e+00 0.00000e+00 6.60481e-08 2.97081e-07 1.58026e-06 9.52275e-06 1.61224e-05 4.28346e-05 3.93243e-05 8.26420e-05 9.61223e-05 1.40563e-04 1.33341e-04 1.53276e-04 1.48054e-04 1.51082e-04 1.35914e-04 1.16104e-04 9.58901e-05 7.78256e-05 6.08595e-05 4.63747e-05 3.25773e-05 2.12280e-05 1.53487e-05 1.03769e-05 6.73271e-06 4.56276e-06 3.22237e-06 2.22775e-06 1.77154e-06 1.29480e-06 1.02254e-06 6.33658e-07 3.50322e-07 1.05079e-07 2.46993e-13 0.00000e+00 0.00000e+00 0.00000e+00 0.00000e+00
1.65360e+04 0.00000e+00 0.00000e+00 0.00000e+00 0.00000e+00 4.52081e-07 1.12398e-06 2.59600e-06 1.58794e-05 2.97076e-05 4.92651e-05 8.93224e-05 1.01213e-04 1.27134e-04 1.45496e-04 1.52319e-04 1.53189e-04 1.53652e-04 1.44049e-04 1.19243e-04 1.01575e-04 7.86068e-05 6.12419e-05 4.55077e-05 3.30130e-05 2.27798e-05 1.58464e-05 1.10699e-05 6.67705e-06 4.65659e-06 3.29629e-06 2.30536e-06 1.75245e-06 1.34283e-06 1.02137e-06 6.73153e-07 4.15891e-07 1.52204e-07 4.74282e-09 0.00000e+00 0.00000e+00 0.00000e+00 0.00000e+00
1.78960e+04 0.00000e+00 0.00000e+00 0.00000e+00 0.00000e+00 9.44986e-07 6.60108e-06 3.40327e-06 6.98035e-06 3.51710e-05 4.57008e-05 7.83165e-05 1.06458e-04 1.22069e-04 1.39606e-04 1.61122e-04 1.53022e-04 1.55483e-04 1.37148e-04 1.18572e-04 1.02385e-04 8.65411e-05 6.49759e-05 4.81837e-05 3.45221e-05 2.48495e-05 1.63460e-05 1.06683e-05 7.52615e-06 4.91539e-06 3.33546e-06 2.37923e-06 1.73346e-06 1.36533e-06 1.03200e-06 7.71516e-07 4.64819e-07 2.25198e-07 2.28600e-08 0.00000e+00 0.00000e+00 0.00000e+00 0.00000e+00
1.93680e+04 0.00000e+00 0.00000e+00 0.00000e+00 3.42532e-07 0.00000e+00 5.55128e-07 3.21281e-06 1.52611e-05 2.13832e-05 6.03374e-05 7.39374e-05 1.00698e-04 1.43936e-04 1.53903e-04 1.60154e-04 1.57173e-04 1.49809e-04 1.37912e-04 1.28291e-04 1.07372e-04 8.62103e-05 6.70742e-05 4.82786e-05 3.66429e-05 2.54734e-05 1.69087e-05 1.16605e-05 7.80749e-06 4.95365e-06 3.24569e-06 2.27465e-06 1.80754e-06 1.34225e-06 1.03894e-06 7.57188e-07 4.79623e-07 2.57989e-07 4.66416e-08 0.00000e+00 0.00000e+00 0.00000e+00 0.00000e+00
2.09610e+04 0.00000e+00 3.51771e-07 9.91566e-07 1.04630e-06 5.06571e-07 9.83978e-07 4.05278e-06 1.89126e-05 3.10681e-05 4.68287e-05 7.26135e-05 1.17783e-04 1.26923e-04 1.55386e-04 1.64380e-04 1.59943e-04 1.68062e-04 1.40668e-04 1.27419e-04 1.10842e-04 8.75915e-05 6.58783e-05 5.00686e-05 3.74655e-05 2.48878e-05 1.82289e-05 1.17699e-05 7.92864e-06 5.39664e-06 3.36627e-06 2.38306e-06 1.77772e-06 1.31601e-06 1.05681e-06 7.37710e-07 5.03284e-07 3.13633e-07 8.33038e-08 1.18162e-10 0.00000e+00 0.00000e+00 0.00000e+00
2.26850e+04 0.00000e+00 3.51201e-07 2.43259e-06 0.00000e+00 4.58687e-07 2.76021e-06 6.96449e-06 1.15554e-05 2.39145e-05 4.75706e-05 7.13416e-05 1.13127e-04 1.29071e-04 1.50981e-04 1.68992e-04 1.64473e-04 1.60564e-04 1.47949e-04 1.31133e-04 1.11615e-04 8.60602e-05 7.24617e-05 5.17386e-05 3.84472e-05 2.76117e-05 1.85546e-05 1.34578e-05 8.10427e-06 5.65198e-06 3.67713e-06 2.52306e-06 1.83339e-06 1.29406e-06 1.06891e-06 7.28364e-07 5.48512e-07 3.32268e-07 1.26329e-07 6.93569e-09 0.00000e+00 0.00000e+00 0.00000e+00
2.45500e+04 0.00000e+00 0.00000e+00 0.00000e+00 0.00000e+00 1.75754e-06 1.11485e-06 1.07984e-05 1.88422e-05 3.36887e-05 4.88039e-05 8.33436e-05 1.11363e-04 1.44492e-04 1.68327e-04 1.71510e-04 1.61795e-04 1.64006e-04 1.53426e-04 1.32668e-04 1.14819e-04 8.97926e-05 6.86352e-05 5.48715e-05 3.89067e-05 2.87553e-05 1.98066e-05 1.31746e-05 8.66611e-06 6.05207e-06 3.79726e-06 2.66240e-06 1.80449e-06 1.37737e-06 9.98643e-07 7.60060e-07 5.84089e-07 3.76076e-07 1.64709e-07 2.26630e-08 0.00000e+00 0.00000e+00 0.00000e+00
2.65690e+04 0.00000e+00 0.00000e+00 0.00000e+00 1.56666e-06 1.40074e-05 3.59423e-06 2.06157e-06 9.44654e-06 1.95216e-05 5.83136e-05 8.07480e-05 1.24435e-04 1.46364e-04 1.64422e-04 1.85354e-04 1.80644e-04 1.72378e-04 1.54739e-04 1.39592e-04 1.21507e-04 9.87852e-05 7.67607e-05 5.74863e-05 4.12752e-05 3.00013e-05 2.12033e-05 1.41915e-05 9.43794e-06 6.23766e-06 4.09273e-06 2.70022e-06 1.83183e-06 1.29434e-06 1.01185e-06 7.71881e-07 5.46395e-07 3.81388e-07 1.95913e-07 4.86197e-08 0.00000e+00 0.00000e+00 0.00000e+00
2.87540e+04 0.00000e+00 0.00000e+00 0.00000e+00 0.00000e+00 3.37398e-07 9.38163e-07 4.44181e-06 1.16571e-05 5.08953e-05 5.08576e-05 8.91094e-05 1.01697e-04 1.44690e-04 1.57645e-04 1.75334e-04 1.67802e-04 1.74043e-04 1.55716e-04 1.37717e-04 1.19560e-04 9.68539e-05 7.28160e-05 5.96187e-05 4.28391e-05 3.01494e-05 2.14188e-05 1.57995e-05 9.88055e-06 6.68452e-06 4.20132e-06 2.85966e-06 1.92501e-06 1.37902e-06 1.02112e-06 7.73592e-07 5.83017e-07 4.09221e-07 2.47024e-07 8.07282e-08 4.88324e-10 0.00000e+00 0.00000e+00
3.11190e+04 0.00000e+00 0.00000e+00 0.00000e+00 1.18969e-06 3.80422e-07 1.12201e-06 1.86998e-06 8.01873e-06 2.46287e-05 4.86323e-05 8.90214e-05 1.26947e-04 1.39304e-04 1.53328e-04 1.67428e-04 1.81012e-04 1.69065e-04 1.60729e-04 1.40045e-04 1.22290e-04 1.01587e-04 7.89253e-05 6.01968e-05 4.28057e-05 3.19627e-05 2.25677e-05 1.55665e-05 1.04386e-05 6.75970e-06 4.46518e-06 2.91877e-06 1.93078e-06 1.33752e-06 9.90497e-07 8.10765e-07 5.92253e-07 4.16029e-07 2.59889e-07 1.12846e-07 6.96868e-09 0.00000e+00 0.00000e+00
3.36780e+04 0.00000e+00 0.00000e+00 0.00000e+00 5.82542e-07 5.09262e-07 4.78371e-06 3.11321e-06 1.17087e-05 3.46659e-05 5.29182e-05 7.13169e-05 9.93969e-05 1.35632e-04 1.63572e-04 1.67293e-04 1.84132e-04 1.68476e-04 1.63534e-04 1.46688e-04 1.30102e-04 9.91257e-05 8.27424e-05 6.14346e-05 4.58750e-05 3.45571e-05 2.25176e-05 1.56848e-05 1.08048e-05 7.05366e-06 4.83752e-06 2.97834e-06 2.12678e-06 1.35902e-06 1.04237e-06 7.73104e-07 5.85575e-07 4.12020e-07 2.73715e-07 1.37710e-07 2.42530e-08 0.00000e+00 0.00000e+00
3.64480e+04 0.00000e+00 0.00000e+00 0.00000e+00 1.16497e-07 1.01755e-06 1.01264e-06 5.60282e-06 1.83448e-05 2.24872e-05 4.06981e-05 8.32053e-05 1.01802e-04 1.20329e-04 1.73458e-04 1.85555e-04 1.97137e-04 1.69720e-04 1.58513e-04 1.48065e-04 1.27686e-04 1.04166e-04 8.05577e-05 6.59107e-05 4.74227e-05 3.60593e-05 2.37267e-05 1.73864e-05 1.16351e-05 7.52196e-06 4.67494e-06 3.03923e-06 2.07017e-06 1.48616e-06 1.01674e-06 7.95438e-07 5.85407e-07 4.45324e-07 2.94030e-07 1.69033e-07 4.23549e-08 0.00000e+00 0.00000e+00
3.94450e+04 0.00000e+00 0.00000e+00 0.00000e+00 1.52218e-07 6.49061e-08 8.79639e-07 2.39744e-06 9.22760e-06 2.85977e-05 5.41203e-05 8.45101e-05 1.34081e-04 1.36429e-04 1.87933e-04 1.86014e-04 2.03730e-04 1.75349e-04 1.69196e-04 1.50971e-04 1.24560e-04 1.09326e-04 8.86389e-05 6.59021e-05 5.10682e-05 3.63846e-05 2.47726e-05 1.84809e-05 1.19133e-05 8.07143e-06 5.31992e-06 3.29420e-06 2.24337e-06 1.48771e-06 1.09735e-06 8.12657e-07 5.67656e-07 4.59304e-07 3.23243e-07 1.93751e-07 6.44965e-08 6.47129e-10 0.00000e+00
4.26890e+04 0.00000e+00 0.00000e+00 0.00000e+00 6.95018e-08 0.00000e+00 4.34097e-07 2.53849e-06 1.26396e-05 2.67079e-05 5.32068e-05 1.16906e-04 1.15795e-04 1.54130e-04 1.72972e-04 1.87973e-04 1.89036e-04 1.96384e-04 1.73967e-04 1.56405e-04 1.33972e-04 1.09261e-04 9.24286e-05 6.76038e-05 5.18390e-05 3.73082e-05 2.70900e-05 1.88772e-05 1.28247e-05 8.59795e-06 5.61461e-06 3.60944e-06 2.36370e-06 1.48593e-06 1.07148e-06 7.79532e-07 5.94443e-07 4.45321e-07 3.20475e-07 2.04207e-07 8.97088e-08 9.56484e-09 0.00000e+00
4.62000e+04 0.00000e+00 0.00000e+00 0.00000e+00 6.69120e-07 5.12536e-07 2.37673e-06 3.32752e-06 1.80938e-05 2.26004e-05 5.26565e-05 8.45006e-05 1.06883e-04 1.43561e-04 1.58204e-04 1.74208e-04 1.99586e-04 1.92868e-04 1.78018e-04 1.56163e-04 1.30681e-04 1.13306e-04 9.19645e-05 7.14073e-05 5.09891e-05 3.90764e-05 2.84494e-05 1.89086e-05 1.36301e-05 9.04723e-06 5.83868e-06 3.66176e-06 2.27999e-06 1.54882e-06 1.03717e-06 7.92961e-07 6.18806e-07 5.08097e-07 3.42611e-07 2.15252e-07 1.23857e-07 1.93369e-08 0.00000e+00
4.99990e+04 0.00000e+00 0.00000e+00 0.00000e+00 5.54030e-07 4.38882e-07 7.56886e-07 3.54108e-06 2.02124e-05 2.68644e-05 4.71285e-05 7.04535e-05 1.03964e-04 1.66844e-04 1.70382e-04 2.03552e-04 1.94717e-04 1.80258e-04 1.79721e-04 1.57058e-04 1.34537e-04 1.15940e-04 8.98081e-05 7.08786e-05 5.58775e-05 4.08717e-05 2.93842e-05 2.03290e-05 1.35051e-05 9.66333e-06 6.17194e-06 3.99589e-06 2.39734e-06 1.60595e-06 1.13122e-06 7.95815e-07 5.92642e-07 4.64556e-07 3.40648e-07 2.31039e-07 1.42076e-07 3.89504e-08 0.00000e+00
