0.00000e+00 3.86955e-01 5.21410e-01 7.02590e-01 9.46730e-01 1.27570e+00 1.71897e+00 2.31628e+00 3.12115e+00 4.20568e+00 5.66707e+00 7.63626e+00 1.02897e+01 1.38651e+01 1.86830e+01 2.51749e+01 3.39227e+01 4.57101e+01 6.15935e+01 8.29959e+01 1.11835e+02 1.50696e+02 2.03059e+02 2.73618e+02 3.68695e+02 4.96808e+02 6.69439e+02 9.02055e+02 1.21550e+03 1.63786e+03 2.20698e+03 2.97387e+03 4.00722e+03 5.39965e+03 7.27591e+03 9.80414e+03 1.32109e+04
3.20000e+01 0.00000e+00 0.00000e+00 0.00000e+00 0.00000e+00 0.00000e+00 3.06447e-09 8.26836e-10 0.00000e+00 0.00000e+00 0.00000e+00 0.00000e+00 0.00000e+00 0.00000e+00 0.00000e+00 0.00000e+00 0.00000e+00 0.00000e+00 0.00000e+00 0.00000e+00 0.00000e+00 0.00000e+00 0.00000e+00 0.00000e+00 0.00000e+00 0.00000e+00 0.00000e+00 0.00000e+00 0.00000e+00 0.00000e+00 0.00000e+00 0.00000e+00 0.00000e+00 0.00000e+00 0.00000e+00 0.00000e+00 0.00000e+00
3.40000e+01 0.00000e+00 0.00000e+00 0.00000e+00 0.00000e+00 0.00000e+00 1.98498e-08 6.32388e-09 0.00000e+00 0.00000e+00 0.00000e+00 0.00000e+00 0.00000e+00 0.00000e+00 0.00000e+00 0.00000e+00 0.00000e+00 0.00000e+00 0.00000e+00 0.00000e+00 0.00000e+00 0.00000e+00 0.00000e+00 0.00000e+00 0.00000e+00 0.00000e+00 0.00000e+00 0.00000e+00 0.00000e+00 0.00000e+00 0.00000e+00 0.00000e+00 0.00000e+00 0.00000e+00 0.00000e+00 0.00000e+00 0.00000e+00
3.70000e+01 0.00000e+00 0.00000e+00 1.20172e-10 1.06195e-08 1.50738e-08 2.29784e-08 2.46155e-08 1.26379e-08 3.44797e-10 0.00000e+00 0.00000e+00 0.00000e+00 0.00000e+00 0.00000e+00 0.00000e+00 0.00000e+00 0.00000e+00 0.00000e+00 0.00000e+00 0.00000e+00 0.00000e+00 0.00000e+00 0.00000e+00 0.00000e+00 0.00000e+00 0.00000e+00 0.00000e+00 0.00000e+00 0.00000e+00 0.00000e+00 0.00000e+00 0.00000e+00 0.00000e+00 0.00000e+00 0.00000e+00 0.00000e+00
4.00000e+01 0.00000e+00 0.00000e+00 0.00000e+00 3.90607e-08 4.91502e-08 7.13043e-08 1.10964e-07 1.80834e-08 4.85334e-09 0.00000e+00 0.00000e+00 0.00000e+00 0.00000e+00 0.00000e+00 0.00000e+00 0.00000e+00 0.00000e+00 0.00000e+00 0.00000e+00 0.00000e+00 0.00000e+00 0.00000e+00 0.00000e+00 0.00000e+00 0.00000e+00 0.00000e+00 0.00000e+00 0.00000e+00 0.00000e+00 0.00000e+00 0.00000e+00 0.00000e+00 0.00000e+00 0.00000e+00 0.00000e+00 0.00000e+00
4.40000e+01 0.00000e+00 0.00000e+00 4.51084e-09 2.95445e-08 5.05898e-08 8.09720e-08 1.12551e-07 6.20344e-08 2.03927e-08 2.33997e-09 0.00000e+00 0.00000e+00 0.00000e+00 0.00000e+00 0.00000e+00 0.00000e+00 0.00000e+00 0.00000e+00 0.00000e+00 0.00000e+00 0.00000e+00 0.00000e+00 0.00000e+00 0.00000e+00 0.00000e+00 0.00000e+00 0.00000e+00 0.00000e+00 0.00000e+00 0.00000e+00 0.00000e+00 0.00000e+00 0.00000e+00 0.00000e+00 0.00000e+00 0.00000e+00
4.70000e+01 0.00000e+00 3.58353e-10 1.46490e-08 2.83735e-08 1.07079e-07 1.10269e-07 1.49551e-07 7.86980e-08 3.42759e-08 2.58208e-09 2.13060e-11 0.00000e+00 0.00000e+00 0.00000e+00 0.00000e+00 0.00000e+00 0.00000e+00 0.00000e+00 0.00000e+00 0.00000e+00 0.00000e+00 0.00000e+00 0.00000e+00 0.00000e+00 0.00000e+00 0.00000e+00 0.00000e+00 0.00000e+00 0.00000e+00 0.00000e+00 0.00000e+00 0.00000e+00 0.00000e+00 0.00000e+00 0.00000e+00 0.00000e+00
5.10000e+01 0.00000e+00 0.00000e+00 0.00000e+00 1.28288e-08 5.42324e-08 2.63171e-07 2.22928e-07 1.12752e-07 9.33100e-08 2.33243e-08 5.07775e-11 0.00000e+00 0.00000e+00 0.00000e+00 0.00000e+00 0.00000e+00 0.00000e+00 0.00000e+00 0.00000e+00 0.00000e+00 0.00000e+00 0.00000e+00 0.00000e+00 0.00000e+00 0.00000e+00 0.00000e+00 0.00000e+00 0.00000e+00 0.00000e+00 0.00000e+00 0.00000e+00 0.00000e+00 0.00000e+00 0.00000e+00 0.00000e+00 0.00000e+00
5.50000e+01 2.42591e-10 3.56906e-09 4.93404e-09 5.27768e-08 1.54905e-07 2.56575e-07 2.96017e-07 2.27428e-07 1.11285e-07 2.92478e-08 1.56457e-09 8.24140e-12 0.00000e+00 0.00000e+00 0.00000e+00 0.00000e+00 0.00000e+00 0.00000e+00 0.00000e+00 0.00000e+00 0.00000e+00 0.00000e+00 0.00000e+00 0.00000e+00 0.00000e+00 0.00000e+00 0.00000e+00 0.00000e+00 0.00000e+00 0.00000e+00 0.00000e+00 0.00000e+00 0.00000e+00 0.00000e+00 0.00000e+00 0.00000e+00
6.00000e+01 0.00000e+00 2.26234e-09 4.00854e-08 1.81229e-07 1.66051e-07 3.54754e-07 3.76090e-07 3.57309e-07 1.84137e-07 6.46143e-08 2.83889e-09 5.07916e-12 0.00000e+00 0.00000e+00 0.00000e+00 0.00000e+00 0.00000e+00 0.00000e+00 0.00000e+00 0.00000e+00 0.00000e+00 0.00000e+00 0.00000e+00 0.00000e+00 0.00000e+00 0.00000e+00 0.00000e+00 0.00000e+00 0.00000e+00 0.00000e+00 0.00000e+00 0.00000e+00 0.00000e+00 0.00000e+00 0.00000e+00 0.00000e+00
6.50000e+01 0.00000e+00 0.00000e+00 4.34261e-09 7.11824e-08 4.37896e-07 5.37601e-07 7.81186e-07 5.46923e-07 2.74397e-07 1.16199e-07 1.32807e-08 9.67853e-12 0.00000e+00 0.00000e+00 0.00000e+00 0.00000e+00 0.00000e+00 0.00000e+00 0.00000e+00 0.00000e+00 0.00000e+00 0.00000e+00 0.00000e+00 0.00000e+00 0.00000e+00 0.00000e+00 0.00000e+00 0.00000e+00 0.00000e+00 0.00000e+00 0.00000e+00 0.00000e+00 0.00000e+00 0.00000e+00 0.00000e+00 0.00000e+00
7.00000e+01 0.00000e+00 0.00000e+00 5.88401e-08 9.96411e-08 5.47099e-07 6.53459e-07 6.76614e-07 8.91518e-07 4.63371e-07 2.50042e-07 2.77800e-08 9.99560e-09 0.00000e+00 0.00000e+00 0.00000e+00 0.00000e+00 0.00000e+00 0.00000e+00 0.00000e+00 0.00000e+00 0.00000e+00 0.00000e+00 0.00000e+00 0.00000e+00 0.00000e+00 0.00000e+00 0.00000e+00 0.00000e+00 0.00000e+00 0.00000e+00 0.00000e+00 0.00000e+00 0.00000e+00 0.00000e+00 0.00000e+00 0.00000e+00
7.60000e+01 0.00000e+00 1.12286e-07 3.34639e-08 6.07455e-08 4.79217e-07 6.79462e-07 1.10017e-06 9.05027e-07 7.28058e-07 3.56390e-07 8.05268e-08 1.77615e-09 7.84910e-11 0.00000e+00 0.00000e+00 0.00000e+00 0.00000e+00 0.00000e+00 0.00000e+00 0.00000e+00 0.00000e+00 0.00000e+00 0.00000e+00 0.00000e+00 0.00000e+00 0.00000e+00 0.00000e+00 0.00000e+00 0.00000e+00 0.00000e+00 0.00000e+00 0.00000e+00 0.00000e+00 0.00000e+00 0.00000e+00 0.00000e+00
8.20000e+01 0.00000e+00 4.03070e-09 8.49394e-08 1.27024e-07 4.27643e-07 8.25437e-07 1.24921e-06 1.27265e-06 1.00907e-06 5.50050e-07 1.42730e-07 1.72178e-08 2.03833e-10 0.00000e+00 0.00000e+00 0.00000e+00 0.00000e+00 0.00000e+00 0.00000e+00 0.00000e+00 0.00000e+00 0.00000e+00 0.00000e+00 0.00000e+00 0.00000e+00 0.00000e+00 0.00000e+00 0.00000e+00 0.00000e+00 0.00000e+00 0.00000e+00 0.00000e+00 0.00000e+00 0.00000e+00 0.00000e+00 0.00000e+00
8.90000e+01 0.00000e+00 9.69413e-09 5.87777e-08 1.25983e-07 4.46885e-07 1.00402e-06 1.60605e-06 1.77718e-06 1.41198e-06 7.98106e-07 2.55834e-07 4.52854e-08 1.26821e-09 0.00000e+00 0.00000e+00 0.00000e+00 0.00000e+00 0.00000e+00 0.00000e+00 0.00000e+00 0.00000e+00 0.00000e+00 0.00000e+00 0.00000e+00 0.00000e+00 0.00000e+00 0.00000e+00 0.00000e+00 0.00000e+00 0.00000e+00 0.00000e+00 0.00000e+00 0.00000e+00 0.00000e+00 0.00000e+00 0.00000e+00
9.70000e+01 0.00000e+00 1.15853e-07 2.90092e-08 2.53454e-07 8.29330e-07 1.11071e-06 1.92626e-06 2.42162e-06 2.15436e-06 1.23296e-06 4.73973e-07 9.40315e-08 9.70303e-09 0.00000e+00 0.00000e+00 0.00000e+00 0.00000e+00 0.00000e+00 0.00000e+00 0.00000e+00 0.00000e+00 0.00000e+00 0.00000e+00 0.00000e+00 0.00000e+00 0.00000e+00 0.00000e+00 0.00000e+00 0.00000e+00 0.00000e+00 0.00000e+00 0.00000e+00 0.00000e+00 0.00000e+00 0.00000e+00 0.00000e+00
1.05000e+02 3.17578e-09 8.96987e-08 6.55532e-08 3.67032e-07 8.23740e-07 1.58209e-06 2.42622e-06 3.10583e-06 2.84207e-06 1.81035e-06 6.97729e-07 1.85375e-07 1.45160e-08 6.75761e-11 0.00000e+00 0.00000e+00 0.00000e+00 0.00000e+00 0.00000e+00 0.00000e+00 0.00000e+00 0.00000e+00 0.00000e+00 0.00000e+00 0.00000e+00 0.00000e+00 0.00000e+00 0.00000e+00 0.00000e+00 0.00000e+00 0.00000e+00 0.00000e+00 0.00000e+00 0.00000e+00 0.00000e+00 0.00000e+00
1.13000e+02 6.74508e-08 6.49988e-08 6.79221e-08 4.41692e-07 8.06316e-07 1.75509e-06 2.83693e-06 3.90307e-06 3.60018e-06 2.46653e-06 1.04116e-06 3.36686e-07 3.70219e-08 6.23376e-10 0.00000e+00 0.00000e+00 0.00000e+00 0.00000e+00 0.00000e+00 0.00000e+00 0.00000e+00 0.00000e+00 0.00000e+00 0.00000e+00 0.00000e+00 0.00000e+00 0.00000e+00 0.00000e+00 0.00000e+00 0.00000e+00 0.00000e+00 0.00000e+00 0.00000e+00 0.00000e+00 0.00000e+00 0.00000e+00
1.23000e+02 0.00000e+00 1.27919e-08 8.26413e-08 4.60774e-07 9.85729e-07 2.01721e-06 3.33345e-06 4.60780e-06 4.77728e-06 3.26799e-06 1.53997e-06 5.46262e-07 9.48545e-08 8.99008e-09 0.00000e+00 0.00000e+00 0.00000e+00 0.00000e+00 0.00000e+00 0.00000e+00 0.00000e+00 0.00000e+00 0.00000e+00 0.00000e+00 0.00000e+00 0.00000e+00 0.00000e+00 0.00000e+00 0.00000e+00 0.00000e+00 0.00000e+00 0.00000e+00 0.00000e+00 0.00000e+00 0.00000e+00 0.00000e+00
1.33000e+02 0.00000e+00 1.19828e-08 1.93282e-07 3.37462e-07 1.13502e-06 1.64345e-06 4.02958e-06 5.78776e-06 6.33950e-06 4.66455e-06 2.37722e-06 7.23408e-07 1.71339e-07 1.24126e-08 3.26765e-12 0.00000e+00 0.00000e+00 0.00000e+00 0.00000e+00 0.00000e+00 0.00000e+00 0.00000e+00 0.00000e+00 0.00000e+00 0.00000e+00 0.00000e+00 0.00000e+00 0.00000e+00 0.00000e+00 0.00000e+00 0.00000e+00 0.00000e+00 0.00000e+00 0.00000e+00 0.00000e+00 0.00000e+00
1.44000e+02 0.00000e+00 0.00000e+00 4.26263e-07 3.63868e-07 1.40879e-06 2.14450e-06 3.57396e-06 6.60757e-06 6.98653e-06 6.12996e-06 3.56018e-06 1.06491e-06 2.91463e-07 3.64028e-08 6.64497e-10 2.29547e-11 0.00000e+00 0.00000e+00 0.00000e+00 0.00000e+00 0.00000e+00 0.00000e+00 0.00000e+00 0.00000e+00 0.00000e+00 0.00000e+00 0.00000e+00 0.00000e+00 0.00000e+00 0.00000e+00 0.00000e+00 0.00000e+00 0.00000e+00 0.00000e+00 0.00000e+00 0.00000e+00
1.56000e+02 3.13245e-09 6.09623e-08 2.18199e-07 5.68159e-07 1.20305e-06 2.45873e-06 4.34993e-06 7.24243e-06 8.89824e-06 7.65180e-06 4.65018e-06 1.84894e-06 5.04976e-07 8.46521e-08 3.63924e-09 6.02227e-12 0.00000e+00 0.00000e+00 0.00000e+00 0.00000e+00 0.00000e+00 0.00000e+00 0.00000e+00 0.00000e+00 0.00000e+00 0.00000e+00 0.00000e+00 0.00000e+00 0.00000e+00 0.00000e+00 0.00000e+00 0.00000e+00 0.00000e+00 0.00000e+00 0.00000e+00 0.00000e+00
1.68000e+02 0.00000e+00 3.91183e-08 1.84105e-07 4.66076e-07 1.13938e-06 2.77336e-06 5.72427e-06 7.68196e-06 9.97343e-06 9.62217e-06 5.71014e-06 2.91480e-06 7.55235e-07 1.10022e-07 8.14724e-09 1.51011e-11 0.00000e+00 0.00000e+00 0.00000e+00 0.00000e+00 0.00000e+00 0.00000e+00 0.00000e+00 0.00000e+00 0.00000e+00 0.00000e+00 0.00000e+00 0.00000e+00 0.00000e+00 0.00000e+00 0.00000e+00 0.00000e+00 0.00000e+00 0.00000e+00 0.00000e+00 0.00000e+00
1.82000e+02 0.00000e+00 3.27440e-07 9.08533e-08 9.23847e-07 2.64352e-06 3.95649e-06 5.16627e-06 9.31000e-06 1.22890e-05 1.09740e-05 7.94616e-06 3.54349e-06 1.17639e-06 2.89038e-07 2.10332e-08 4.53607e-10 0.00000e+00 0.00000e+00 0.00000e+00 0.00000e+00 0.00000e+00 0.00000e+00 0.00000e+00 0.00000e+00 0.00000e+00 0.00000e+00 0.00000e+00 0.00000e+00 0.00000e+00 0.00000e+00 0.00000e+00 0.00000e+00 0.00000e+00 0.00000e+00 0.00000e+00 0.00000e+00
1.97000e+02 0.00000e+00 1.06921e-08 5.40217e-07 6.92066e-07 1.06699e-06 4.35011e-06 7.09221e-06 1.07216e-05 1.42638e-05 1.36114e-05 1.04464e-05 5.27641e-06 1.79405e-06 4.01573e-07 8.17760e-08 5.73281e-10 0.00000e+00 0.00000e+00 0.00000e+00 0.00000e+00 0.00000e+00 0.00000e+00 0.00000e+00 0.00000e+00 0.00000e+00 0.00000e+00 0.00000e+00 0.00000e+00 0.00000e+00 0.00000e+00 0.00000e+00 0.00000e+00 0.00000e+00 0.00000e+00 0.00000e+00 0.00000e+00
2.14000e+02 0.00000e+00 1.56111e-08 1.68374e-07 4.99468e-07 1.43646e-06 4.31220e-06 8.21058e-06 1.20395e-05 1.39106e-05 1.52998e-05 1.19573e-05 7.59314e-06 2.69745e-06 6.42944e-07 1.07633e-07 8.32114e-09 3.90973e-11 0.00000e+00 0.00000e+00 0.00000e+00 0.00000e+00 0.00000e+00 0.00000e+00 0.00000e+00 0.00000e+00 0.00000e+00 0.00000e+00 0.00000e+00 0.00000e+00 0.00000e+00 0.00000e+00 0.00000e+00 0.00000e+00 0.00000e+00 0.00000e+00 0.00000e+00
2.31000e+02 0.00000e+00 5.73244e-07 5.51893e-07 1.53489e-06 2.31669e-06 3.85377e-06 8.19554e-06 1.25152e-05 1.92123e-05 1.92890e-05 1.46404e-05 8.45861e-06 3.73683e-06 1.11762e-06 2.22708e-07 1.34809e-08 1.27647e-09 0.00000e+00 0.00000e+00 0.00000e+00 0.00000e+00 0.00000e+00 0.00000e+00 0.00000e+00 0.00000e+00 0.00000e+00 0.00000e+00 0.00000e+00 0.00000e+00 0.00000e+00 0.00000e+00 0.00000e+00 0.00000e+00 0.00000e+00 0.00000e+00 0.00000e+00
2.50000e+02 2.38437e-08 1.71671e-08 7.21413e-07 2.40264e-07 2.46443e-06 4.69878e-06 8.02302e-06 1.46930e-05 1.74603e-05 2.14537e-05 1.80802e-05 1.12748e-05 5.27567e-06 1.76770e-06 3.23252e-07 2.43777e-08 9.02310e-10 0.00000e+00 0.00000e+00 0.00000e+00 0.00000e+00 0.00000e+00 0.00000e+00 0.00000e+00 0.00000e+00 0.00000e+00 0.00000e+00 0.00000e+00 0.00000e+00 0.00000e+00 0.00000e+00 0.00000e+00 0.00000e+00 0.00000e+00 0.00000e+00 0.00000e+00
2.71000e+02 0.00000e+00 2.13125e-08 5.98535e-07 5.70065e-07 1.10484e-06 4.56185e-06 9.43945e-06 1.65791e-05 2.08155e-05 2.26162e-05 2.00023e-05 1.41692e-05 7.47126e-06 2.51233e-06 6.09129e-07 9.69148e-08 6.37802e-09 0.00000e+00 0.00000e+00 0.00000e+00 0.00000e+00 0.00000e+00 0.00000e+00 0.00000e+00 0.00000e+00 0.00000e+00 0.00000e+00 0.00000e+00 0.00000e+00 0.00000e+00 0.00000e+00 0.00000e+00 0.00000e+00 0.00000e+00 0.00000e+00 0.00000e+00
2.93000e+02 0.00000e+00 1.39079e-06 2.43374e-07 2.37208e-06 1.62132e-06 4.66733e-06 1.15649e-05 1.63376e-05 2.42182e-05 2.59436e-05 2.48970e-05 1.82647e-05 9.27043e-06 3.30364e-06 8.32324e-07 1.43607e-07 7.12020e-09 1.60166e-11 0.00000e+00 0.00000e+00 0.00000e+00 0.00000e+00 0.00000e+00 0.00000e+00 0.00000e+00 0.00000e+00 0.00000e+00 0.00000e+00 0.00000e+00 0.00000e+00 0.00000e+00 0.00000e+00 0.00000e+00 0.00000e+00 0.00000e+00 0.00000e+00
3.17000e+02 1.99461e-06 4.24885e-08 1.28070e-07 4.51811e-07 2.98836e-06 4.74325e-06 1.32371e-05 1.87699e-05 2.58456e-05 3.02980e-05 2.75499e-05 2.11229e-05 1.16532e-05 5.46963e-06 1.26828e-06 2.04253e-07 3.01095e-08 2.57785e-10 0.00000e+00 0.00000e+00 0.00000e+00 0.00000e+00 0.00000e+00 0.00000e+00 0.00000e+00 0.00000e+00 0.00000e+00 0.00000e+00 0.00000e+00 0.00000e+00 0.00000e+00 0.00000e+00 0.00000e+00 0.00000e+00 0.00000e+00 0.00000e+00
3.44000e+02 0.00000e+00 1.57013e-07 2.61391e-07 1.64493e-06 2.61223e-06 5.52697e-06 1.22855e-05 2.06442e-05 2.57697e-05 3.24109e-05 3.07701e-05 2.30847e-05 1.43988e-05 6.36427e-06 2.08227e-06 5.67890e-07 3.49601e-08 1.12021e-08 0.00000e+00 0.00000e+00 0.00000e+00 0.00000e+00 0.00000e+00 0.00000e+00 0.00000e+00 0.00000e+00 0.00000e+00 0.00000e+00 0.00000e+00 0.00000e+00 0.00000e+00 0.00000e+00 0.00000e+00 0.00000e+00 0.00000e+00 0.00000e+00
3.72000e+02 0.00000e+00 6.00834e-08 5.43498e-07 1.04134e-06 2.07697e-06 6.14112e-06 1.28172e-05 2.19065e-05 2.87600e-05 3.54564e-05 3.71047e-05 2.84871e-05 1.72963e-05 8.54763e-06 3.05530e-06 7.69676e-07 8.56107e-08 2.59519e-09 8.95325e-12 0.00000e+00 0.00000e+00 0.00000e+00 0.00000e+00 0.00000e+00 0.00000e+00 0.00000e+00 0.00000e+00 0.00000e+00 0.00000e+00 0.00000e+00 0.00000e+00 0.00000e+00 0.00000e+00 0.00000e+00 0.00000e+00 0.00000e+00
4.02000e+02 0.00000e+00 8.58213e-08 1.26600e-07 1.16876e-06 3.61219e-06 5.84525e-06 1.26947e-05 2.37731e-05 3.17405e-05 3.74601e-05 3.71647e-05 3.20664e-05 1.99645e-05 1.02421e-05 4.03287e-06 1.02476e-06 2.55115e-07 8.90304e-09 4.28639e-10 0.00000e+00 0.00000e+00 0.00000e+00 0.00000e+00 0.00000e+00 0.00000e+00 0.00000e+00 0.00000e+00 0.00000e+00 0.00000e+00 0.00000e+00 0.00000e+00 0.00000e+00 0.00000e+00 0.00000e+00 0.00000e+00 0.00000e+00
4.36000e+02 0.00000e+00 2.83240e-08 4.89775e-07 2.17593e-06 2.34767e-06 6.68450e-06 1.11412e-05 2.60222e-05 3.63197e-05 4.16817e-05 4.16364e-05 3.55065e-05 2.45289e-05 1.39322e-05 5.13774e-06 1.52334e-06 2.50005e-07 3.48338e-08 5.42874e-10 9.18073e-11 0.00000e+00 0.00000e+00 0.00000e+00 0.00000e+00 0.00000e+00 0.00000e+00 0.00000e+00 0.00000e+00 0.00000e+00 0.00000e+00 0.00000e+00 0.00000e+00 0.00000e+00 0.00000e+00 0.00000e+00 0.00000e+00
4.71000e+02 2.25984e-08 1.67859e-07 1.81973e-06 5.59452e-07 3.12934e-06 1.01188e-05 1.53536e-05 2.52708e-05 3.63261e-05 4.57040e-05 4.30200e-05 4.12764e-05 2.86231e-05 1.59749e-05 7.51462e-06 2.18898e-06 4.99297e-07 6.39488e-08 1.64463e-09 0.00000e+00 0.00000e+00 0.00000e+00 0.00000e+00 0.00000e+00 0.00000e+00 0.00000e+00 0.00000e+00 0.00000e+00 0.00000e+00 0.00000e+00 0.00000e+00 0.00000e+00 0.00000e+00 0.00000e+00 0.00000e+00 0.00000e+00
5.10000e+02 0.00000e+00 3.13215e-08 3.99950e-07 1.57953e-06 6.25843e-06 8.05283e-06 1.32293e-05 2.52381e-05 3.79757e-05 4.43786e-05 4.85824e-05 4.14023e-05 3.29337e-05 1.98675e-05 9.37830e-06 3.41392e-06 9.18207e-07 1.11447e-07 3.80958e-09 2.00976e-10 0.00000e+00 0.00000e+00 0.00000e+00 0.00000e+00 0.00000e+00 0.00000e+00 0.00000e+00 0.00000e+00 0.00000e+00 0.00000e+00 0.00000e+00 0.00000e+00 0.00000e+00 0.00000e+00 0.00000e+00 0.00000e+00
5.52000e+02 0.00000e+00 1.04585e-08 2.76879e-07 1.32483e-06 5.87456e-06 9.16013e-06 1.54657e-05 2.87796e-05 4.29259e-05 5.26680e-05 5.01405e-05 4.75200e-05 3.81547e-05 2.21028e-05 1.10552e-05 4.28652e-06 1.24704e-06 2.34508e-07 2.53324e-08 4.15921e-10 0.00000e+00 0.00000e+00 0.00000e+00 0.00000e+00 0.00000e+00 0.00000e+00 0.00000e+00 0.00000e+00 0.00000e+00 0.00000e+00 0.00000e+00 0.00000e+00 0.00000e+00 0.00000e+00 0.00000e+00 0.00000e+00
5.98000e+02 4.75946e-08 9.92436e-08 1.90865e-06 5.09632e-06 3.23655e-06 6.25188e-06 1.36261e-05 2.63611e-05 4.31645e-05 5.51726e-05 5.64566e-05 5.34506e-05 4.16265e-05 2.48363e-05 1.36965e-05 5.85346e-06 1.47489e-06 3.93246e-07 2.26472e-08 6.30728e-10 0.00000e+00 0.00000e+00 0.00000e+00 0.00000e+00 0.00000e+00 0.00000e+00 0.00000e+00 0.00000e+00 0.00000e+00 0.00000e+00 0.00000e+00 0.00000e+00 0.00000e+00 0.00000e+00 0.00000e+00 0.00000e+00
6.47000e+02 1.03875e-07 2.48388e-07 5.24067e-07 2.45668e-06 3.67538e-06 1.03619e-05 1.49533e-05 3.12969e-05 4.38637e-05 5.94467e-05 5.97028e-05 5.65741e-05 4.60740e-05 3.10923e-05 1.64174e-05 7.27367e-06 2.30915e-06 4.62435e-07 7.11182e-08 1.82761e-09 0.00000e+00 0.00000e+00 0.00000e+00 0.00000e+00 0.00000e+00 0.00000e+00 0.00000e+00 0.00000e+00 0.00000e+00 0.00000e+00 0.00000e+00 0.00000e+00 0.00000e+00 0.00000e+00 0.00000e+00 0.00000e+00
7.00000e+02 0.00000e+00 2.30127e-07 2.65699e-07 7.49857e-07 2.43184e-06 1.11150e-05 1.80270e-05 3.07268e-05 4.56194e-05 6.25020e-05 6.68007e-05 5.73632e-05 5.03003e-05 3.36185e-05 1.96450e-05 9.12758e-06 3.25464e-06 7.15726e-07 1.15830e-07 8.36202e-09 0.00000e+00 0.00000e+00 0.00000e+00 0.00000e+00 0.00000e+00 0.00000e+00 0.00000e+00 0.00000e+00 0.00000e+00 0.00000e+00 0.00000e+00 0.00000e+00 0.00000e+00 0.00000e+00 0.00000e+00 0.00000e+00
7.58000e+02 6.73211e-08 6.25472e-08 2.25438e-06 2.33644e-06 2.45833e-06 9.37603e-06 1.98118e-05 3.48149e-05 4.71671e-05 6.53094e-05 6.86414e-05 6.59075e-05 5.61925e-05 3.64773e-05 2.32583e-05 1.14240e-05 4.08637e-06 1.05583e-06 2.60818e-07 2.99702e-08 2.62451e-10 0.00000e+00 0.00000e+00 0.00000e+00 0.00000e+00 0.00000e+00 0.00000e+00 0.00000e+00 0.00000e+00 0.00000e+00 0.00000e+00 0.00000e+00 0.00000e+00 0.00000e+00 0.00000e+00 0.00000e+00
8.20000e+02 1.44962e-08 1.05192e-07 3.76819e-07 1.35997e-06 4.89132e-06 8.46199e-06 1.70771e-05 3.16879e-05 5.36353e-05 6.61495e-05 7.32789e-05 6.70047e-05 5.96757e-05 4.32536e-05 2.75858e-05 1.32965e-05 5.36322e-06 1.63739e-06 4.87516e-07 5.63275e-08 6.97962e-10 9.48233e-11 0.00000e+00 0.00000e+00 0.00000e+00 0.00000e+00 0.00000e+00 0.00000e+00 0.00000e+00 0.00000e+00 0.00000e+00 0.00000e+00 0.00000e+00 0.00000e+00 0.00000e+00 0.00000e+00
8.88000e+02 1.41839e-08 1.23763e-07 1.42860e-07 8.81306e-07 4.29945e-06 1.05389e-05 1.97361e-05 3.82293e-05 5.12227e-05 6.31459e-05 7.77457e-05 7.50440e-05 6.35469e-05 4.74242e-05 3.20494e-05 1.60828e-05 6.95486e-06 2.18463e-06 4.26046e-07 4.50447e-08 1.56867e-09 1.20509e-10 0.00000e+00 0.00000e+00 0.00000e+00 0.00000e+00 0.00000e+00 0.00000e+00 0.00000e+00 0.00000e+00 0.00000e+00 0.00000e+00 0.00000e+00 0.00000e+00 0.00000e+00 0.00000e+00
9.61000e+02 0.00000e+00 3.59825e-06 6.68271e-07 9.84456e-07 3.67755e-06 1.27990e-05 2.18876e-05 3.14677e-05 5.56868e-05 7.59455e-05 7.97700e-05 7.77038e-05 7.22283e-05 4.91295e-05 3.45420e-05 1.88991e-05 8.62699e-06 3.04358e-06 8.04102e-07 9.73713e-08 2.18179e-08 7.64261e-10 0.00000e+00 0.00000e+00 0.00000e+00 0.00000e+00 0.00000e+00 0.00000e+00 0.00000e+00 0.00000e+00 0.00000e+00 0.00000e+00 0.00000e+00 0.00000e+00 0.00000e+00 0.00000e+00
1.04000e+03 0.00000e+00 7.02424e-06 2.20120e-07 4.55802e-06 8.26065e-06 7.78350e-06 2.26549e-05 4.17752e-05 5.11482e-05 7.28606e-05 7.72990e-05 8.54996e-05 7.54274e-05 5.62568e-05 3.85619e-05 2.23583e-05 1.15334e-05 4.53378e-06 1.01244e-06 1.90656e-07 6.75741e-09 8.70882e-11 0.00000e+00 0.00000e+00 0.00000e+00 0.00000e+00 0.00000e+00 0.00000e+00 0.00000e+00 0.00000e+00 0.00000e+00 0.00000e+00 0.00000e+00 0.00000e+00 0.00000e+00 0.00000e+00
1.12500e+03 0.00000e+00 0.00000e+00 1.07306e-06 6.76552e-07 4.81073e-06 8.74072e-06 2.48930e-05 3.94261e-05 5.22248e-05 8.06735e-05 8.35233e-05 9.11453e-05 7.96760e-05 6.06978e-05 4.16529e-05 2.69180e-05 1.32044e-05 4.93532e-06 1.50308e-06 3.21376e-07 4.44111e-08 9.14571e-10 2.54092e-12 0.00000e+00 0.00000e+00 0.00000e+00 0.00000e+00 0.00000e+00 0.00000e+00 0.00000e+00 0.00000e+00 0.00000e+00 0.00000e+00 0.00000e+00 0.00000e+00 0.00000e+00
1.21800e+03 0.00000e+00 3.42653e-07 3.79621e-07 1.43911e-06 3.67787e-06 1.06126e-05 2.40238e-05 3.65128e-05 6.16752e-05 7.51577e-05 9.26491e-05 9.52365e-05 8.19503e-05 6.83288e-05 4.66418e-05 3.05401e-05 1.51266e-05 6.50910e-06 1.97962e-06 5.30915e-07 3.81026e-08 1.10183e-08 2.05513e-10 0.00000e+00 0.00000e+00 0.00000e+00 0.00000e+00 0.00000e+00 0.00000e+00 0.00000e+00 0.00000e+00 0.00000e+00 0.00000e+00 0.00000e+00 0.00000e+00 0.00000e+00
1.31800e+03 1.89356e-07 1.13144e-07 3.35777e-07 1.66772e-06 1.04031e-05 7.99636e-06 2.13864e-05 4.13253e-05 5.94009e-05 8.15348e-05 9.09368e-05 9.50446e-05 9.42740e-05 7.46560e-05 5.16184e-05 3.21713e-05 1.69767e-05 7.20099e-06 2.83246e-06 6.56161e-07 1.17442e-07 5.45810e-09 1.34881e-10 0.00000e+00 0.00000e+00 0.00000e+00 0.00000e+00 0.00000e+00 0.00000e+00 0.00000e+00 0.00000e+00 0.00000e+00 0.00000e+00 0.00000e+00 0.00000e+00 0.00000e+00
1.42700e+03 0.00000e+00 0.00000e+00 4.57502e-07 4.13618e-06 6.43870e-06 1.12428e-05 2.32366e-05 4.53965e-05 6.57687e-05 7.97892e-05 1.02749e-04 1.04180e-04 9.63077e-05 7.98503e-05 5.75469e-05 3.62806e-05 2.04171e-05 9.40635e-06 3.46318e-06 1.10061e-06 1.69829e-07 1.62880e-08 6.28158e-10 0.00000e+00 0.00000e+00 0.00000e+00 0.00000e+00 0.00000e+00 0.00000e+00 0.00000e+00 0.00000e+00 0.00000e+00 0.00000e+00 0.00000e+00 0.00000e+00 0.00000e+00
1.54400e+03 1.41764e-07 1.10023e-07 5.49352e-07 3.69626e-06 2.91006e-06 9.43565e-06 2.37723e-05 3.99019e-05 7.10535e-05 8.66462e-05 1.04127e-04 1.06998e-04 1.03153e-04 8.40374e-05 6.66533e-05 3.86212e-05 2.20459e-05 1.17561e-05 4.47943e-06 1.45529e-06 2.99737e-07 2.21164e-08 1.74488e-09 0.00000e+00 0.00000e+00 0.00000e+00 0.00000e+00 0.00000e+00 0.00000e+00 0.00000e+00 0.00000e+00 0.00000e+00 0.00000e+00 0.00000e+00 0.00000e+00 0.00000e+00
1.67100e+03 1.51609e-07 1.82686e-07 2.75820e-07 9.75264e-07 3.80871e-06 9.97360e-06 2.60251e-05 4.22182e-05 6.59680e-05 9.09289e-05 9.99014e-05 1.12236e-04 1.01932e-04 8.80320e-05 6.64348e-05 4.50461e-05 2.70656e-05 1.36623e-05 6.15517e-06 1.81904e-06 4.20775e-07 1.21902e-07 4.17684e-09 1.80199e-11 0.00000e+00 0.00000e+00 0.00000e+00 0.00000e+00 0.00000e+00 0.00000e+00 0.00000e+00 0.00000e+00 0.00000e+00 0.00000e+00 0.00000e+00 0.00000e+00
1.80800e+03 0.00000e+00 2.83315e-07 3.01183e-07 9.04396e-06 5.29796e-06 1.72852e-05 2.57287e-05 4.11218e-05 7.12820e-05 9.80999e-05 1.06519e-04 1.11855e-04 1.15631e-04 9.47356e-05 7.39444e-05 5.01796e-05 3.05054e-05 1.45356e-05 7.43943e-06 2.27251e-06 5.73805e-07 9.30314e-08 2.59492e-08 9.20712e-10 0.00000e+00 0.00000e+00 0.00000e+00 0.00000e+00 0.00000e+00 0.00000e+00 0.00000e+00 0.00000e+00 0.00000e+00 0.00000e+00 0.00000e+00 0.00000e+00
1.95700e+03 1.60388e-07 1.60288e-07 9.81030e-07 1.04605e-06 1.05758e-05 1.47537e-05 2.50820e-05 4.96981e-05 7.76941e-05 1.00788e-04 1.14297e-04 1.16295e-04 1.12328e-04 9.88117e-05 7.52797e-05 5.37715e-05 3.45400e-05 1.81213e-05 8.63853e-06 3.04790e-06 1.01595e-06 2.12818e-07 1.06418e-08 9.94498e-11 0.00000e+00 0.00000e+00 0.00000e+00 0.00000e+00 0.00000e+00 0.00000e+00 0.00000e+00 0.00000e+00 0.00000e+00 0.00000e+00 0.00000e+00 0.00000e+00
2.11800e+03 0.00000e+00 4.64591e-08 6.42708e-07 1.50804e-06 1.04912e-05 1.72847e-05 3.47911e-05 5.29500e-05 7.06830e-05 9.21532e-05 1.07387e-04 1.22130e-04 1.16267e-04 1.08119e-04 8.50929e-05 5.86693e-05 3.78108e-05 2.21203e-05 1.02223e-05 3.94621e-06 1.17085e-06 3.06916e-07 3.32372e-08 2.80049e-09 0.00000e+00 0.00000e+00 0.00000e+00 0.00000e+00 0.00000e+00 0.00000e+00 0.00000e+00 0.00000e+00 0.00000e+00 0.00000e+00 0.00000e+00 0.00000e+00
2.29200e+03 0.00000e+00 4.21129e-07 1.55929e-07 1.25785e-06 4.78590e-06 1.51829e-05 2.59195e-05 6.31826e-05 8.60997e-05 8.41959e-05 1.14481e-04 1.28110e-04 1.24142e-04 1.09655e-04 9.25125e-05 6.39086e-05 4.19286e-05 2.56044e-05 1.19468e-05 5.24206e-06 1.81657e-06 4.24332e-07 4.66893e-08 2.24144e-09 3.04417e-10 0.00000e+00 0.00000e+00 0.00000e+00 0.00000e+00 0.00000e+00 0.00000e+00 0.00000e+00 0.00000e+00 0.00000e+00 0.00000e+00 0.00000e+00
2.48100e+03 0.00000e+00 9.38327e-07 6.70193e-07 1.24443e-06 3.73359e-06 1.40335e-05 2.49811e-05 4.42066e-05 8.47579e-05 1.13863e-04 1.30201e-04 1.33172e-04 1.25589e-04 1.18494e-04 9.66141e-05 6.86581e-05 4.46509e-05 2.62797e-05 1.30421e-05 6.19301e-06 2.24541e-06 6.47286e-07 9.94851e-08 5.93891e-09 5.71905e-10 0.00000e+00 0.00000e+00 0.00000e+00 0.00000e+00 0.00000e+00 0.00000e+00 0.00000e+00 0.00000e+00 0.00000e+00 0.00000e+00 0.00000e+00
2.68500e+03 0.00000e+00 0.00000e+00 7.35258e-07 2.22526e-06 8.97127e-06 1.35156e-05 2.42336e-05 4.76044e-05 7.23905e-05 1.11148e-04 1.24599e-04 1.37397e-04 1.35652e-04 1.22169e-04 1.01589e-04 7.55347e-05 5.42472e-05 2.80503e-05 1.60524e-05 6.89623e-06 2.94217e-06 8.55953e-07 2.31482e-07 1.83891e-08 3.12375e-10 0.00000e+00 0.00000e+00 0.00000e+00 0.00000e+00 0.00000e+00 0.00000e+00 0.00000e+00 0.00000e+00 0.00000e+00 0.00000e+00 0.00000e+00
2.90600e+03 0.00000e+00 1.42947e-06 2.02766e-07 2.08974e-06 1.85350e-05 8.69655e-06 2.96811e-05 4.56923e-05 8.75625e-05 1.07996e-04 1.25541e-04 1.40701e-04 1.45126e-04 1.23204e-04 1.04864e-04 8.29137e-05 5.09473e-05 3.36437e-05 1.90053e-05 8.57137e-06 3.41505e-06 1.24060e-06 2.23130e-07 2.76738e-08 1.44538e-09 0.00000e+00 0.00000e+00 0.00000e+00 0.00000e+00 0.00000e+00 0.00000e+00 0.00000e+00 0.00000e+00 0.00000e+00 0.00000e+00 0.00000e+00
3.14500e+03 0.00000e+00 2.54436e-07 6.73369e-07 1.66813e-06 7.25779e-06 1.23204e-05 3.95855e-05 4.99182e-05 9.17106e-05 1.02267e-04 1.28027e-04 1.43732e-04 1.44875e-04 1.32384e-04 1.17755e-04 8.42087e-05 5.56152e-05 3.61739e-05 1.98183e-05 1.02363e-05 4.35955e-06 1.38136e-06 3.70044e-07 9.63613e-08 3.63190e-09 7.85079e-11 0.00000e+00 0.00000e+00 0.00000e+00 0.00000e+00 0.00000e+00 0.00000e+00 0.00000e+00 0.00000e+00 0.00000e+00 0.00000e+00
3.40400e+03 3.13084e-07 1.66389e-06 1.18544e-06 4.82435e-06 2.61632e-06 1.82361e-05 3.20330e-05 4.59284e-05 7.14125e-05 1.02416e-04 1.31269e-04 1.39866e-04 1.53057e-04 1.38913e-04 1.21029e-04 8.70639e-05 6.30641e-05 4.04746e-05 2.23999e-05 1.16205e-05 5.18749e-06 2.02722e-06 5.53248e-07 1.35879e-07 1.00871e-08 1.02591e-10 0.00000e+00 0.00000e+00 0.00000e+00 0.00000e+00 0.00000e+00 0.00000e+00 0.00000e+00 0.00000e+00 0.00000e+00 0.00000e+00
3.68400e+03 2.44990e-08 0.00000e+00 1.23021e-05 1.30339e-05 5.11710e-06 1.11629e-05 2.90657e-05 5.24607e-05 8.82576e-05 1.10054e-04 1.40745e-04 1.48116e-04 1.52063e-04 1.43781e-04 1.23133e-04 9.69482e-05 6.86159e-05 4.51411e-05 2.44726e-05 1.32973e-05 5.99458e-06 2.59804e-06 7.53157e-07 1.09582e-07 1.05582e-08 3.04566e-09 0.00000e+00 0.00000e+00 0.00000e+00 0.00000e+00 0.00000e+00 0.00000e+00 0.00000e+00 0.00000e+00 0.00000e+00 0.00000e+00
3.98600e+03 0.00000e+00 5.40379e-07 5.35777e-07 2.20402e-06 5.77112e-06 1.69969e-05 2.77799e-05 5.37902e-05 7.14249e-05 1.10785e-04 1.35870e-04 1.58470e-04 1.61059e-04 1.45574e-04 1.27353e-04 1.03175e-04 7.36081e-05 4.85004e-05 2.72799e-05 1.51295e-05 7.01910e-06 3.14818e-06 7.57307e-07 1.97313e-07 1.42609e-08 8.18015e-09 1.21873e-11 0.00000e+00 0.00000e+00 0.00000e+00 0.00000e+00 0.00000e+00 0.00000e+00 0.00000e+00 0.00000e+00 0.00000e+00
4.31400e+03 0.00000e+00 1.06969e-07 8.12171e-07 1.49530e-06 4.34078e-06 2.19982e-05 3.37926e-05 5.69044e-05 9.75260e-05 1.23000e-04 1.44738e-04 1.56643e-04 1.60147e-04 1.54662e-04 1.33071e-04 1.08266e-04 7.89604e-05 5.15715e-05 3.13465e-05 1.69019e-05 8.37498e-06 3.73717e-06 1.21178e-06 2.82011e-07 5.54497e-08 7.00855e-09 2.22867e-10 0.00000e+00 0.00000e+00 0.00000e+00 0.00000e+00 0.00000e+00 0.00000e+00 0.00000e+00 0.00000e+00 0.00000e+00
4.66900e+03 0.00000e+00 0.00000e+00 1.46669e-06 9.18109e-07 3.36360e-06 8.17692e-06 3.85650e-05 5.79265e-05 8.01629e-05 1.22521e-04 1.41680e-04 1.61335e-04 1.61652e-04 1.67675e-04 1.42463e-04 1.09889e-04 8.64621e-05 5.38807e-05 3.58138e-05 1.94088e-05 9.49780e-06 4.02780e-06 1.72006e-06 4.18156e-07 8.07818e-08 9.39638e-09 3.18760e-10 0.00000e+00 0.00000e+00 0.00000e+00 0.00000e+00 0.00000e+00 0.00000e+00 0.00000e+00 0.00000e+00 0.00000e+00
5.05300e+03 0.00000e+00 1.20305e-07 7.83559e-07 8.42085e-07 1.39579e-05 1.30475e-05 3.11170e-05 6.11359e-05 8.32252e-05 1.22988e-04 1.53600e-04 1.68899e-04 1.70177e-04 1.63261e-04 1.51117e-04 1.16318e-04 9.07928e-05 6.06334e-05 3.69808e-05 2.11347e-05 1.05623e-05 5.07499e-06 2.05359e-06 7.15079e-07 1.03777e-07 3.05157e-08 1.11637e-09 0.00000e+00 0.00000e+00 0.00000e+00 0.00000e+00 0.00000e+00 0.00000e+00 0.00000e+00 0.00000e+00 0.00000e+00
5.46900e+03 0.00000e+00 1.99700e-07 3.95498e-07 7.38229e-06 5.26873e-06 1.33115e-05 4.38251e-05 7.16112e-05 8.43277e-05 1.19162e-04 1.56194e-04 1.83109e-04 1.78313e-04 1.71229e-04 1.46658e-04 1.26380e-04 9.31195e-05 6.58479e-05 4.07742e-05 2.42619e-05 1.35876e-05 5.89763e-06 2.50313e-06 8.95364e-07 1.27690e-07 1.88890e-08 1.06764e-09 0.00000e+00 0.00000e+00 0.00000e+00 0.00000e+00 0.00000e+00 0.00000e+00 0.00000e+00 0.00000e+00 0.00000e+00
5.91900e+03 0.00000e+00 4.68231e-07 2.26144e-06 1.55849e-06 9.23958e-06 1.65664e-05 3.64242e-05 5.66677e-05 9.01609e-05 1.37666e-04 1.56840e-04 1.72281e-04 1.80794e-04 1.71699e-04 1.56725e-04 1.31832e-04 9.42757e-05 6.74591e-05 4.59789e-05 2.61471e-05 1.50107e-05 7.08768e-06 2.95470e-06 9.75671e-07 2.41540e-07 5.20334e-08 3.35590e-09 9.27759e-11 0.00000e+00 0.00000e+00 0.00000e+00 0.00000e+00 0.00000e+00 0.00000e+00 0.00000e+00 0.00000e+00
6.40500e+03 0.00000e+00 0.00000e+00 5.49275e-07 1.80208e-06 7.75785e-06 2.03221e-05 3.83824e-05 6.68435e-05 8.33647e-05 1.30915e-04 1.47796e-04 1.72828e-04 1.85509e-04 1.73383e-04 1.52408e-04 1.34570e-04 1.02741e-04 7.45404e-05 4.78603e-05 2.93378e-05 1.62972e-05 8.38180e-06 4.00465e-06 1.16330e-06 4.54962e-07 6.20104e-08 1.51219e-08 5.73812e-09 0.00000e+00 0.00000e+00 0.00000e+00 0.00000e+00 0.00000e+00 0.00000e+00 0.00000e+00 0.00000e+00
6.93200e+03 0.00000e+00 3.95115e-07 1.96766e-06 1.37645e-05 1.46520e-05 1.44137e-05 3.62942e-05 6.28217e-05 9.51177e-05 1.26584e-04 1.58933e-04 1.70728e-04 1.89843e-04 1.80226e-04 1.62544e-04 1.40412e-04 1.11092e-04 7.67466e-05 5.56883e-05 3.03503e-05 1.70968e-05 8.66070e-06 4.10574e-06 1.56810e-06 4.59200e-07 8.35619e-08 2.10253e-08 1.46197e-09 0.00000e+00 0.00000e+00 0.00000e+00 0.00000e+00 0.00000e+00 0.00000e+00 0.00000e+00 0.00000e+00
7.50200e+03 3.49216e-07 3.24728e-07 8.79769e-07 4.29230e-06 8.31147e-06 1.33831e-05 2.41622e-05 5.37755e-05 8.44767e-05 1.36910e-04 1.65319e-04 1.75817e-04 1.94105e-04 1.87719e-04 1.69810e-04 1.47795e-04 1.14401e-04 8.21505e-05 5.81777e-05 3.55026e-05 1.92456e-05 1.01465e-05 5.12829e-06 2.26912e-06 7.68425e-07 1.78262e-07 1.70661e-08 1.16937e-09 0.00000e+00 0.00000e+00 0.00000e+00 0.00000e+00 0.00000e+00 0.00000e+00 0.00000e+00 0.00000e+00
8.11900e+03 0.00000e+00 6.21834e-07 4.45339e-07 8.30047e-06 3.46298e-06 1.52102e-05 4.35324e-05 5.54842e-05 9.29227e-05 1.30936e-04 1.65817e-04 1.90266e-04 1.95174e-04 1.91725e-04 1.67280e-04 1.42962e-04 1.20667e-04 8.75695e-05 5.84559e-05 3.78587e-05 2.25062e-05 1.12145e-05 6.15346e-06 2.46923e-06 9.12004e-07 1.93627e-07 3.82628e-08 3.45413e-09 6.56439e-11 0.00000e+00 0.00000e+00 0.00000e+00 0.00000e+00 0.00000e+00 0.00000e+00 0.00000e+00
8.78700e+03 0.00000e+00 0.00000e+00 2.04336e-07 1.95370e-06 9.26896e-06 3.25227e-05 3.94627e-05 6.22918e-05 8.73299e-05 1.41076e-04 1.63779e-04 1.96642e-04 1.81433e-04 1.85423e-04 1.86743e-04 1.52262e-04 1.22256e-04 9.25914e-05 6.24026e-05 4.10789e-05 2.42110e-05 1.23710e-05 6.59682e-06 3.07931e-06 1.04605e-06 2.74720e-07 4.76625e-08 3.67399e-09 2.23811e-10 2.87355e-12 0.00000e+00 0.00000e+00 0.00000e+00 0.00000e+00 0.00000e+00 0.00000e+00
9.51000e+03 0.00000e+00 3.02948e-08 1.93815e-05 2.86599e-06 3.16401e-06 2.54608e-05 3.61357e-05 7.71032e-05 9.68714e-05 1.42759e-04 1.68607e-04 1.87942e-04 1.84636e-04 1.99851e-04 1.92512e-04 1.55146e-04 1.34160e-04 9.97473e-05 6.90760e-05 4.29296e-05 2.71822e-05 1.42984e-05 7.84973e-06 3.49498e-06 1.42290e-06 4.49060e-07 1.22991e-07 1.33925e-08 1.66711e-09 8.30001e-12 0.00000e+00 0.00000e+00 0.00000e+00 0.00000e+00 0.00000e+00 0.00000e+00
1.02920e+04 0.00000e+00 0.00000e+00 7.82534e-07 3.47352e-06 7.02490e-06 2.96107e-05 6.55735e-05 8.70406e-05 9.99616e-05 1.39715e-04 1.52155e-04 2.05639e-04 2.10758e-04 2.02236e-04 1.76116e-04 1.64318e-04 1.43398e-04 1.05518e-04 7.39981e-05 4.93848e-05 2.77342e-05 1.57125e-05 8.38704e-06 4.12353e-06 1.65939e-06 6.54696e-07 1.67941e-07 1.26179e-08 9.87469e-10 2.12749e-11 0.00000e+00 0.00000e+00 0.00000e+00 0.00000e+00 0.00000e+00 0.00000e+00
1.11380e+04 0.00000e+00 1.50719e-06 3.54056e-07 1.77704e-05 2.93916e-05 2.15781e-05 4.07220e-05 8.16592e-05 9.58497e-05 1.38282e-04 1.53877e-04 2.12429e-04 2.00245e-04 1.96439e-04 1.83454e-04 1.77315e-04 1.40654e-04 1.10875e-04 7.86732e-05 4.99039e-05 3.23149e-05 1.86367e-05 9.63511e-06 5.35297e-06 2.04162e-06 7.43986e-07 2.48480e-07 5.39027e-08 1.30995e-08 3.63515e-12 0.00000e+00 0.00000e+00 0.00000e+00 0.00000e+00 0.00000e+00 0.00000e+00
1.20540e+04 0.00000e+00 8.32293e-08 9.74101e-07 2.04366e-05 3.75612e-06 1.33637e-05 3.04363e-05 5.30264e-05 1.12627e-04 1.41458e-04 1.64745e-04 1.99007e-04 2.08253e-04 2.09439e-04 2.04120e-04 1.74222e-04 1.38031e-04 1.11170e-04 8.55856e-05 5.32617e-05 3.45219e-05 1.96175e-05 1.08280e-05 5.00542e-06 2.34366e-06 9.44697e-07 3.01679e-07 3.58813e-08 6.51946e-09 2.50685e-09 0.00000e+00 0.00000e+00 0.00000e+00 0.00000e+00 0.00000e+00 0.00000e+00
1.30460e+04 0.00000e+00 2.01013e-07 2.92011e-07 9.74330e-07 2.24667e-05 1.77266e-05 5.55940e-05 6.19218e-05 1.12056e-04 1.40595e-04 1.85478e-04 1.88429e-04 2.09721e-04 2.16022e-04 2.07772e-04 1.88781e-04 1.53430e-04 1.15045e-04 8.45849e-05 5.73402e-05 3.65964e-05 2.16369e-05 1.27438e-05 6.12864e-06 2.84108e-06 1.22650e-06 3.34804e-07 7.92651e-08 2.15900e-08 3.04399e-10 1.40856e-11 0.00000e+00 0.00000e+00 0.00000e+00 0.00000e+00 0.00000e+00
1.41190e+04 0.00000e+00 1.43391e-07 1.07057e-06 2.59180e-06 5.08459e-06 1.60129e-05 3.77933e-05 6.64634e-05 1.13638e-04 1.36303e-04 1.61423e-04 2.15151e-04 2.22805e-04 2.19853e-04 2.05781e-04 1.89331e-04 1.53757e-04 1.22410e-04 8.96526e-05 6.30216e-05 4.02367e-05 2.51363e-05 1.32996e-05 6.96149e-06 3.37400e-06 1.51133e-06 4.59833e-07 8.24786e-08 2.10746e-08 5.17283e-09 1.02947e-10 0.00000e+00 0.00000e+00 0.00000e+00 0.00000e+00 0.00000e+00
1.52800e+04 0.00000e+00 9.74037e-08 6.64497e-07 1.91272e-05 3.30295e-06 1.93520e-05 4.29575e-05 7.09262e-05 1.17167e-04 1.46208e-04 1.66140e-04 1.95034e-04 2.39517e-04 2.30923e-04 2.15465e-04 1.89110e-04 1.62591e-04 1.24714e-04 9.39631e-05 6.57433e-05 4.29676e-05 2.57637e-05 1.47207e-05 8.23498e-06 4.18860e-06 1.66311e-06 5.07236e-07 1.63103e-07 4.15943e-08 1.30600e-09 3.76290e-10 0.00000e+00 0.00000e+00 0.00000e+00 0.00000e+00 0.00000e+00
1.65360e+04 0.00000e+00 1.12603e-06 5.66262e-07 1.76060e-06 4.80924e-06 1.85358e-05 3.03207e-05 7.31495e-05 1.17266e-04 1.33607e-04 1.84203e-04 2.12229e-04 2.11665e-04 2.36511e-04 2.29386e-04 1.93624e-04 1.67727e-04 1.30473e-04 9.95254e-05 6.95217e-05 4.51153e-05 2.78511e-05 1.60637e-05 8.92196e-06 4.31810e-06 2.06140e-06 8.83500e-07 1.88705e-07 8.10582e-08 2.64194e-09 1.58048e-10 0.00000e+00 0.00000e+00 0.00000e+00 0.00000e+00 0.00000e+00
1.78960e+04 0.00000e+00 0.00000e+00 2.90280e-06 1.52186e-06 4.88605e-06 2.50790e-05 2.94656e-05 7.34524e-05 1.20133e-04 1.52796e-04 1.80385e-04 2.22759e-04 2.28259e-04 2.35874e-04 2.19918e-04 1.99513e-04 1.65403e-04 1.37277e-04 1.04856e-04 7.13177e-05 4.75352e-05 3.07419e-05 1.68263e-05 9.91417e-06 4.77711e-06 2.38145e-06 8.65039e-07 3.74368e-07 8.01161e-08 1.26256e-08 4.44976e-10 0.00000e+00 0.00000e+00 0.00000e+00 0.00000e+00 0.00000e+00
1.93680e+04 5.75451e-08 0.00000e+00 8.24738e-07 4.23400e-06 1.45567e-05 2.31100e-05 4.28565e-05 7.79036e-05 1.19539e-04 1.43304e-04 2.01757e-04 2.27215e-04 2.36765e-04 2.36527e-04 2.23924e-04 2.14904e-04 1.79088e-04 1.43001e-04 1.06924e-04 7.61635e-05 5.26222e-05 3.30511e-05 1.94717e-05 1.04280e-05 5.37586e-06 2.75495e-06 1.13523e-06 4.16833e-07 1.10998e-07 1.21863e-08 1.57624e-09 9.62232e-12 0.00000e+00 0.00000e+00 0.00000e+00 0.00000e+00
2.09610e+04 1.98252e-07 0.00000e+00 1.73602e-06 1.82888e-05 2.25371e-05 2.56456e-05 4.33546e-05 5.95540e-05 1.09741e-04 1.52880e-04 1.95981e-04 2.20781e-04 2.47900e-04 2.55455e-04 2.33176e-04 2.19289e-04 1.85970e-04 1.53812e-04 1.11911e-04 8.14709e-05 5.58120e-05 3.46273e-05 2.16899e-05 1.19100e-05 6.27399e-06 2.95260e-06 1.32877e-06 5.54396e-07 1.22610e-07 1.98128e-08 1.55834e-09 1.02415e-09 0.00000e+00 0.00000e+00 0.00000e+00 0.00000e+00
2.26850e+04 0.00000e+00 1.18580e-06 8.82956e-08 1.33367e-06 5.15392e-06 2.29470e-05 3.70718e-05 6.78692e-05 1.11662e-04 1.57688e-04 2.08258e-04 2.40067e-04 2.42921e-04 2.52826e-04 2.24889e-04 2.08964e-04 1.84214e-04 1.54124e-04 1.20697e-04 8.43894e-05 5.61820e-05 3.71032e-05 2.31482e-05 1.33691e-05 7.06192e-06 3.34532e-06 1.68306e-06 6.48176e-07 1.75843e-07 3.55695e-08 3.17576e-09 3.93860e-10 0.00000e+00 0.00000e+00 0.00000e+00 0.00000e+00
2.45500e+04 0.00000e+00 1.31517e-06 2.94775e-05 3.78286e-06 2.14213e-05 2.02722e-05 3.75441e-05 8.46596e-05 9.49372e-05 1.60086e-04 2.07917e-04 2.51428e-04 2.38078e-04 2.41696e-04 2.50843e-04 2.20570e-04 1.90733e-04 1.52082e-04 1.23616e-04 8.78394e-05 6.43059e-05 4.03344e-05 2.48775e-05 1.41389e-05 7.62973e-06 3.92782e-06 1.86482e-06 8.17137e-07 2.05826e-07 5.12663e-08 2.18703e-08 7.51004e-10 0.00000e+00 0.00000e+00 0.00000e+00 0.00000e+00
2.65690e+04 0.00000e+00 0.00000e+00 2.85232e-07 7.63908e-06 7.21655e-06 2.58792e-05 4.11172e-05 6.77767e-05 1.15514e-04 1.77447e-04 2.16411e-04 2.43220e-04 2.62196e-04 2.40688e-04 2.35509e-04 2.26217e-04 1.90128e-04 1.64932e-04 1.27657e-04 9.72553e-05 6.55338e-05 4.52539e-05 2.73051e-05 1.67288e-05 8.96945e-06 4.41665e-06 2.17529e-06 9.00186e-07 3.37165e-07 1.03414e-07 9.57122e-09 5.94476e-10 0.00000e+00 0.00000e+00 0.00000e+00 0.00000e+00
2.87540e+04 1.76790e-06 1.65959e-07 1.31913e-06 2.96479e-06 5.44090e-06 1.77643e-05 3.91645e-05 7.08753e-05 1.30341e-04 1.62811e-04 1.97295e-04 2.28306e-04 2.45440e-04 2.59565e-04 2.43790e-04 2.29623e-04 2.03166e-04 1.60117e-04 1.30592e-04 9.46624e-05 6.52829e-05 4.39951e-05 2.84023e-05 1.74741e-05 9.86794e-06 5.19984e-06 2.35646e-06 1.07259e-06 3.90465e-07 8.89814e-08 1.93311e-08 2.90195e-09 3.20622e-11 0.00000e+00 0.00000e+00 0.00000e+00
3.11190e+04 0.00000e+00 3.18829e-07 8.32134e-08 7.23041e-07 5.45404e-06 1.73720e-05 5.97119e-05 7.26232e-05 1.09287e-04 1.58872e-04 1.85092e-04 2.33954e-04 2.61296e-04 2.70254e-04 2.45207e-04 2.39035e-04 2.15973e-04 1.56184e-04 1.32875e-04 1.00703e-04 7.22572e-05 4.88734e-05 3.07212e-05 2.04480e-05 1.06209e-05 6.06777e-06 2.69128e-06 1.33878e-06 5.49941e-07 1.54838e-07 3.90607e-08 3.68451e-09 3.12097e-10 4.94190e-11 0.00000e+00 0.00000e+00
3.36780e+04 0.00000e+00 2.41909e-07 1.03039e-06 1.28886e-06 4.79978e-06 1.62593e-05 3.55595e-05 9.63363e-05 1.05090e-04 1.80817e-04 1.98005e-04 2.31244e-04 2.50211e-04 2.56832e-04 2.57736e-04 2.38379e-04 2.00440e-04 1.75178e-04 1.35790e-04 1.01497e-04 7.46771e-05 5.11420e-05 3.33642e-05 2.08685e-05 1.12124e-05 6.55295e-06 3.07202e-06 1.55656e-06 6.22264e-07 2.13431e-07 4.83982e-08 4.55045e-09 6.79889e-10 0.00000e+00 0.00000e+00 0.00000e+00
3.64480e+04 0.00000e+00 1.99926e-06 2.65000e-07 3.35401e-06 1.11582e-05 3.51748e-05 5.00604e-05 6.98250e-05 1.06719e-04 1.72950e-04 1.96981e-04 2.31023e-04 2.84354e-04 2.77491e-04 2.66425e-04 2.47507e-04 2.24967e-04 1.71099e-04 1.41097e-04 1.10565e-04 7.92347e-05 5.55263e-05 3.52719e-05 2.23450e-05 1.28680e-05 6.70343e-06 3.56972e-06 1.63908e-06 7.12212e-07 2.50127e-07 5.89723e-08 9.70702e-09 5.47078e-10 1.61036e-10 0.00000e+00 0.00000e+00
3.94450e+04 0.00000e+00 1.21282e-08 1.66200e-05 2.66111e-06 2.35257e-05 2.27378e-05 4.20696e-05 9.48617e-05 8.82276e-05 1.73565e-04 2.19754e-04 2.14151e-04 2.72229e-04 2.81104e-04 2.68809e-04 2.51569e-04 2.14029e-04 1.93992e-04 1.46944e-04 1.12340e-04 7.80669e-05 5.50206e-05 3.78556e-05 2.39309e-05 1.45984e-05 7.95093e-06 3.95698e-06 2.07075e-06 9.22946e-07 3.29539e-07 8.10584e-08 1.24986e-08 1.17246e-09 8.70161e-11 0.00000e+00 0.00000e+00
4.26890e+04 0.00000e+00 0.00000e+00 7.07981e-06 9.04338e-06 2.59991e-05 3.24248e-05 4.98180e-05 6.86731e-05 1.20985e-04 1.67972e-04 2.15249e-04 2.42628e-04 2.87838e-04 2.81751e-04 2.88876e-04 2.52889e-04 2.27419e-04 1.93390e-04 1.53921e-04 1.19483e-04 8.30601e-05 6.18054e-05 4.19965e-05 2.62399e-05 1.52667e-05 8.13223e-06 4.80154e-06 2.26781e-06 9.84428e-07 3.94181e-07 1.62423e-07 2.16520e-08 3.52134e-09 1.99335e-09 0.00000e+00 0.00000e+00
4.62000e+04 0.00000e+00 8.85162e-06 1.06653e-06 1.44233e-05 3.65593e-06 2.64417e-05 4.53802e-05 7.42423e-05 1.23509e-04 1.70472e-04 2.11174e-04 2.33185e-04 2.82249e-04 2.73506e-04 2.79767e-04 2.68945e-04 2.28647e-04 1.93334e-04 1.59357e-04 1.22519e-04 8.64004e-05 6.28352e-05 4.48737e-05 2.65201e-05 1.70324e-05 9.49303e-06 5.31880e-06 2.60538e-06 1.22074e-06 4.44760e-07 1.65890e-07 4.89534e-08 9.72543e-09 3.97751e-09 0.00000e+00 0.00000e+00
4.99990e+04 0.00000e+00 1.72700e-07 1.67719e-06 7.24210e-06 1.11193e-05 1.84133e-05 3.99058e-05 8.98465e-05 1.21887e-04 1.78603e-04 2.17171e-04 2.56441e-04 2.64785e-04 2.76192e-04 2.73687e-04 2.62753e-04 2.24429e-04 1.97135e-04 1.57586e-04 1.25723e-04 9.13161e-05 6.53542e-05 4.48417e-05 2.92195e-05 1.83367e-05 1.05476e-05 5.63627e-06 2.84924e-06 1.41597e-06 5.61466e-07 2.11124e-07 5.61584e-08 1.35722e-08 2.10402e-09 4.93199e-11 0.00000e+00
