0.00000e+00 1.27570e+00 1.71897e+00 2.31628e+00 3.12115e+00 4.20568e+00 5.66707e+00 7.63626e+00 1.02897e+01 1.38651e+01 1.86830e+01 2.51749e+01 3.39227e+01 4.57101e+01 6.15935e+01 8.29959e+01 1.11835e+02 1.50696e+02 2.03059e+02 2.73618e+02 3.68695e+02 4.96808e+02 6.69439e+02 9.02055e+02 1.21550e+03 1.63786e+03 2.20698e+03 2.97387e+03 4.00722e+03 5.39965e+03 7.27591e+03 9.80414e+03 1.32109e+04 1.78014e+04 2.39870e+04 3.23220e+04 4.35532e+04
1.80000e+01 0.00000e+00 0.00000e+00 6.16150e-09 2.97409e-08 3.11918e-08 2.12154e-08 6.21955e-09 1.47734e-10 0.00000e+00 0.00000e+00 0.00000e+00 0.00000e+00 0.00000e+00 0.00000e+00 0.00000e+00 0.00000e+00 0.00000e+00 0.00000e+00 0.00000e+00 0.00000e+00 0.00000e+00 0.00000e+00 0.00000e+00 0.00000e+00 0.00000e+00 0.00000e+00 0.00000e+00 0.00000e+00 0.00000e+00 0.00000e+00 0.00000e+00 0.00000e+00 0.00000e+00 0.00000e+00 0.00000e+00 0.00000e+00
1.90000e+01 0.00000e+00 3.12070e-09 1.37220e-08 3.10383e-08 3.74201e-08 2.85954e-08 8.70726e-09 9.18625e-10 8.63972e-12 0.00000e+00 0.00000e+00 0.00000e+00 0.00000e+00 0.00000e+00 0.00000e+00 0.00000e+00 0.00000e+00 0.00000e+00 0.00000e+00 0.00000e+00 0.00000e+00 0.00000e+00 0.00000e+00 0.00000e+00 0.00000e+00 0.00000e+00 0.00000e+00 0.00000e+00 0.00000e+00 0.00000e+00 0.00000e+00 0.00000e+00 0.00000e+00 0.00000e+00 0.00000e+00 0.00000e+00
2.00000e+01 0.00000e+00 1.68175e-09 2.45214e-08 5.58360e-08 5.67307e-08 4.88459e-08 1.55799e-08 1.70198e-09 3.63962e-11 0.00000e+00 0.00000e+00 0.00000e+00 0.00000e+00 0.00000e+00 0.00000e+00 0.00000e+00 0.00000e+00 0.00000e+00 0.00000e+00 0.00000e+00 0.00000e+00 0.00000e+00 0.00000e+00 0.00000e+00 0.00000e+00 0.00000e+00 0.00000e+00 0.00000e+00 0.00000e+00 0.00000e+00 0.00000e+00 0.00000e+00 0.00000e+00 0.00000e+00 0.00000e+00 0.00000e+00
2.10000e+01 5.03554e-11 2.84260e-09 3.34781e-08 8.61418e-08 9.49943e-08 4.94449e-08 2.29086e-08 3.88530e-09 3.79950e-11 0.00000e+00 0.00000e+00 0.00000e+00 0.00000e+00 0.00000e+00 0.00000e+00 0.00000e+00 0.00000e+00 0.00000e+00 0.00000e+00 0.00000e+00 0.00000e+00 0.00000e+00 0.00000e+00 0.00000e+00 0.00000e+00 0.00000e+00 0.00000e+00 0.00000e+00 0.00000e+00 0.00000e+00 0.00000e+00 0.00000e+00 0.00000e+00 0.00000e+00 0.00000e+00 0.00000e+00
2.30000e+01 0.00000e+00 2.96336e-09 4.54988e-08 1.26058e-07 2.04090e-07 9.26901e-08 5.34935e-08 1.11521e-08 2.96228e-09 0.00000e+00 0.00000e+00 0.00000e+00 0.00000e+00 0.00000e+00 0.00000e+00 0.00000e+00 0.00000e+00 0.00000e+00 0.00000e+00 0.00000e+00 0.00000e+00 0.00000e+00 0.00000e+00 0.00000e+00 0.00000e+00 0.00000e+00 0.00000e+00 0.00000e+00 0.00000e+00 0.00000e+00 0.00000e+00 0.00000e+00 0.00000e+00 0.00000e+00 0.00000e+00 0.00000e+00
2.50000e+01 1.93549e-08 9.33155e-09 6.99057e-08 1.89909e-07 3.73526e-07 1.93294e-07 7.40489e-08 2.43377e-08 1.38400e-09 5.78799e-12 0.00000e+00 0.00000e+00 0.00000e+00 0.00000e+00 0.00000e+00 0.00000e+00 0.00000e+00 0.00000e+00 0.00000e+00 0.00000e+00 0.00000e+00 0.00000e+00 0.00000e+00 0.00000e+00 0.00000e+00 0.00000e+00 0.00000e+00 0.00000e+00 0.00000e+00 0.00000e+00 0.00000e+00 0.00000e+00 0.00000e+00 0.00000e+00 0.00000e+00 0.00000e+00
2.70000e+01 5.96057e-10 1.77811e-08 1.38725e-07 2.83169e-07 4.30544e-07 3.20383e-07 1.32855e-07 4.06017e-08 5.50073e-09 6.17517e-11 0.00000e+00 0.00000e+00 0.00000e+00 0.00000e+00 0.00000e+00 0.00000e+00 0.00000e+00 0.00000e+00 0.00000e+00 0.00000e+00 0.00000e+00 0.00000e+00 0.00000e+00 0.00000e+00 0.00000e+00 0.00000e+00 0.00000e+00 0.00000e+00 0.00000e+00 0.00000e+00 0.00000e+00 0.00000e+00 0.00000e+00 0.00000e+00 0.00000e+00 0.00000e+00
2.90000e+01 9.88720e-10 2.82771e-08 1.44767e-07 3.95822e-07 4.89987e-07 5.14663e-07 2.22511e-07 6.68279e-08 7.88474e-09 4.40182e-10 1.84098e-11 0.00000e+00 0.00000e+00 0.00000e+00 0.00000e+00 0.00000e+00 0.00000e+00 0.00000e+00 0.00000e+00 0.00000e+00 0.00000e+00 0.00000e+00 0.00000e+00 0.00000e+00 0.00000e+00 0.00000e+00 0.00000e+00 0.00000e+00 0.00000e+00 0.00000e+00 0.00000e+00 0.00000e+00 0.00000e+00 0.00000e+00 0.00000e+00 0.00000e+00
3.20000e+01 0.00000e+00 8.16719e-08 1.36264e-07 5.44496e-07 8.35356e-07 6.78726e-07 3.90948e-07 1.25983e-07 2.24459e-08 2.07163e-09 7.71993e-12 0.00000e+00 0.00000e+00 0.00000e+00 0.00000e+00 0.00000e+00 0.00000e+00 0.00000e+00 0.00000e+00 0.00000e+00 0.00000e+00 0.00000e+00 0.00000e+00 0.00000e+00 0.00000e+00 0.00000e+00 0.00000e+00 0.00000e+00 0.00000e+00 0.00000e+00 0.00000e+00 0.00000e+00 0.00000e+00 0.00000e+00 0.00000e+00 0.00000e+00
3.40000e+01 1.05562e-09 3.86410e-08 1.60178e-07 5.36418e-07 9.47855e-07 8.99855e-07 5.19265e-07 1.85136e-07 4.16637e-08 9.26962e-09 1.59000e-11 0.00000e+00 0.00000e+00 0.00000e+00 0.00000e+00 0.00000e+00 0.00000e+00 0.00000e+00 0.00000e+00 0.00000e+00 0.00000e+00 0.00000e+00 0.00000e+00 0.00000e+00 0.00000e+00 0.00000e+00 0.00000e+00 0.00000e+00 0.00000e+00 0.00000e+00 0.00000e+00 0.00000e+00 0.00000e+00 0.00000e+00 0.00000e+00 0.00000e+00
3.70000e+01 1.99291e-09 6.63358e-08 2.53775e-07 7.11745e-07 1.26105e-06 1.16532e-06 9.15132e-07 3.15587e-07 6.09772e-08 1.11733e-08 1.94507e-10 0.00000e+00 0.00000e+00 0.00000e+00 0.00000e+00 0.00000e+00 0.00000e+00 0.00000e+00 0.00000e+00 0.00000e+00 0.00000e+00 0.00000e+00 0.00000e+00 0.00000e+00 0.00000e+00 0.00000e+00 0.00000e+00 0.00000e+00 0.00000e+00 0.00000e+00 0.00000e+00 0.00000e+00 0.00000e+00 0.00000e+00 0.00000e+00 0.00000e+00
4.00000e+01 1.90350e-08 5.95749e-08 3.56358e-07 8.23441e-07 1.38331e-06 1.60412e-06 1.14736e-06 4.65881e-07 1.30163e-07 3.21257e-08 7.25690e-10 0.00000e+00 0.00000e+00 0.00000e+00 0.00000e+00 0.00000e+00 0.00000e+00 0.00000e+00 0.00000e+00 0.00000e+00 0.00000e+00 0.00000e+00 0.00000e+00 0.00000e+00 0.00000e+00 0.00000e+00 0.00000e+00 0.00000e+00 0.00000e+00 0.00000e+00 0.00000e+00 0.00000e+00 0.00000e+00 0.00000e+00 0.00000e+00 0.00000e+00
4.40000e+01 0.00000e+00 2.21885e-07 4.49801e-07 8.68483e-07 1.67274e-06 2.07311e-06 1.67642e-06 8.24397e-07 2.19248e-07 4.99960e-08 2.89427e-09 2.39217e-11 0.00000e+00 0.00000e+00 0.00000e+00 0.00000e+00 0.00000e+00 0.00000e+00 0.00000e+00 0.00000e+00 0.00000e+00 0.00000e+00 0.00000e+00 0.00000e+00 0.00000e+00 0.00000e+00 0.00000e+00 0.00000e+00 0.00000e+00 0.00000e+00 0.00000e+00 0.00000e+00 0.00000e+00 0.00000e+00 0.00000e+00 0.00000e+00
4.70000e+01 0.00000e+00 4.94532e-08 2.71404e-07 9.62875e-07 2.12169e-06 2.50524e-06 2.05860e-06 9.88422e-07 3.39292e-07 8.85712e-08 6.40512e-09 1.30000e-10 0.00000e+00 0.00000e+00 0.00000e+00 0.00000e+00 0.00000e+00 0.00000e+00 0.00000e+00 0.00000e+00 0.00000e+00 0.00000e+00 0.00000e+00 0.00000e+00 0.00000e+00 0.00000e+00 0.00000e+00 0.00000e+00 0.00000e+00 0.00000e+00 0.00000e+00 0.00000e+00 0.00000e+00 0.00000e+00 0.00000e+00 0.00000e+00
5.10000e+01 0.00000e+00 1.21496e-07 4.03079e-07 1.35129e-06 2.04323e-06 2.97403e-06 2.58476e-06 1.57134e-06 5.67492e-07 1.61154e-07 1.69183e-08 3.57862e-10 0.00000e+00 0.00000e+00 0.00000e+00 0.00000e+00 0.00000e+00 0.00000e+00 0.00000e+00 0.00000e+00 0.00000e+00 0.00000e+00 0.00000e+00 0.00000e+00 0.00000e+00 0.00000e+00 0.00000e+00 0.00000e+00 0.00000e+00 0.00000e+00 0.00000e+00 0.00000e+00 0.00000e+00 0.00000e+00 0.00000e+00 0.00000e+00
5.50000e+01 0.00000e+00 5.07096e-08 3.84194e-07 1.58094e-06 2.76413e-06 3.20896e-06 3.08488e-06 1.80121e-06 7.67189e-07 2.02922e-07 3.42809e-08 3.64501e-09 9.03547e-12 0.00000e+00 0.00000e+00 0.00000e+00 0.00000e+00 0.00000e+00 0.00000e+00 0.00000e+00 0.00000e+00 0.00000e+00 0.00000e+00 0.00000e+00 0.00000e+00 0.00000e+00 0.00000e+00 0.00000e+00 0.00000e+00 0.00000e+00 0.00000e+00 0.00000e+00 0.00000e+00 0.00000e+00 0.00000e+00 0.00000e+00
6.00000e+01 1.18954e-08 8.28656e-08 5.49756e-07 1.57429e-06 2.64632e-06 4.12114e-06 3.78747e-06 2.80172e-06 1.24814e-06 3.44915e-07 6.04151e-08 6.88991e-09 6.59475e-11 0.00000e+00 0.00000e+00 0.00000e+00 0.00000e+00 0.00000e+00 0.00000e+00 0.00000e+00 0.00000e+00 0.00000e+00 0.00000e+00 0.00000e+00 0.00000e+00 0.00000e+00 0.00000e+00 0.00000e+00 0.00000e+00 0.00000e+00 0.00000e+00 0.00000e+00 0.00000e+00 0.00000e+00 0.00000e+00 0.00000e+00
6.50000e+01 2.49468e-09 4.14261e-08 7.26172e-07 1.64973e-06 3.03795e-06 4.06016e-06 4.28063e-06 3.18007e-06 1.59090e-06 5.28081e-07 1.12359e-07 2.71252e-08 5.96873e-10 0.00000e+00 0.00000e+00 0.00000e+00 0.00000e+00 0.00000e+00 0.00000e+00 0.00000e+00 0.00000e+00 0.00000e+00 0.00000e+00 0.00000e+00 0.00000e+00 0.00000e+00 0.00000e+00 0.00000e+00 0.00000e+00 0.00000e+00 0.00000e+00 0.00000e+00 0.00000e+00 0.00000e+00 0.00000e+00 0.00000e+00
7.00000e+01 4.28054e-08 2.16860e-07 6.24061e-07 1.91787e-06 3.36394e-06 4.76079e-06 4.94707e-06 3.79860e-06 2.12666e-06 8.10461e-07 1.88048e-07 2.28418e-08 3.81921e-09 4.20794e-12 0.00000e+00 0.00000e+00 0.00000e+00 0.00000e+00 0.00000e+00 0.00000e+00 0.00000e+00 0.00000e+00 0.00000e+00 0.00000e+00 0.00000e+00 0.00000e+00 0.00000e+00 0.00000e+00 0.00000e+00 0.00000e+00 0.00000e+00 0.00000e+00 0.00000e+00 0.00000e+00 0.00000e+00 0.00000e+00
7.60000e+01 7.47832e-09 5.23239e-08 7.28209e-07 2.14750e-06 3.95894e-06 5.18036e-06 5.33046e-06 4.72724e-06 2.80695e-06 1.01889e-06 3.34714e-07 4.23491e-08 4.55068e-09 1.26416e-11 0.00000e+00 0.00000e+00 0.00000e+00 0.00000e+00 0.00000e+00 0.00000e+00 0.00000e+00 0.00000e+00 0.00000e+00 0.00000e+00 0.00000e+00 0.00000e+00 0.00000e+00 0.00000e+00 0.00000e+00 0.00000e+00 0.00000e+00 0.00000e+00 0.00000e+00 0.00000e+00 0.00000e+00 0.00000e+00
8.20000e+01 3.41484e-09 3.11816e-07 6.12275e-07 2.21119e-06 4.48832e-06 5.36686e-06 5.99798e-06 5.65479e-06 3.73240e-06 1.61860e-06 4.76035e-07 9.66489e-08 1.05208e-08 9.16136e-11 0.00000e+00 0.00000e+00 0.00000e+00 0.00000e+00 0.00000e+00 0.00000e+00 0.00000e+00 0.00000e+00 0.00000e+00 0.00000e+00 0.00000e+00 0.00000e+00 0.00000e+00 0.00000e+00 0.00000e+00 0.00000e+00 0.00000e+00 0.00000e+00 0.00000e+00 0.00000e+00 0.00000e+00 0.00000e+00
8.90000e+01 2.78818e-08 7.40009e-08 9.28303e-07 2.67488e-06 4.31835e-06 5.70709e-06 7.38125e-06 6.33524e-06 4.06135e-06 2.02942e-06 6.17461e-07 1.36325e-07 1.54136e-08 1.48781e-09 0.00000e+00 0.00000e+00 0.00000e+00 0.00000e+00 0.00000e+00 0.00000e+00 0.00000e+00 0.00000e+00 0.00000e+00 0.00000e+00 0.00000e+00 0.00000e+00 0.00000e+00 0.00000e+00 0.00000e+00 0.00000e+00 0.00000e+00 0.00000e+00 0.00000e+00 0.00000e+00 0.00000e+00 0.00000e+00
9.70000e+01 1.10987e-08 1.53379e-07 9.00186e-07 2.78575e-06 4.43220e-06 6.34205e-06 7.71634e-06 7.34905e-06 4.91848e-06 2.85329e-06 1.00931e-06 2.11379e-07 2.93813e-08 3.56925e-09 7.22033e-11 0.00000e+00 0.00000e+00 0.00000e+00 0.00000e+00 0.00000e+00 0.00000e+00 0.00000e+00 0.00000e+00 0.00000e+00 0.00000e+00 0.00000e+00 0.00000e+00 0.00000e+00 0.00000e+00 0.00000e+00 0.00000e+00 0.00000e+00 0.00000e+00 0.00000e+00 0.00000e+00 0.00000e+00
1.05000e+02 1.03767e-08 8.51612e-08 6.96320e-07 2.69217e-06 4.80449e-06 7.22128e-06 8.93244e-06 7.62640e-06 6.04086e-06 3.29384e-06 1.46858e-06 4.21543e-07 4.11465e-08 6.14909e-09 1.55210e-09 0.00000e+00 0.00000e+00 0.00000e+00 0.00000e+00 0.00000e+00 0.00000e+00 0.00000e+00 0.00000e+00 0.00000e+00 0.00000e+00 0.00000e+00 0.00000e+00 0.00000e+00 0.00000e+00 0.00000e+00 0.00000e+00 0.00000e+00 0.00000e+00 0.00000e+00 0.00000e+00 0.00000e+00
1.13000e+02 1.77100e-08 1.80392e-07 8.08389e-07 2.28724e-06 4.65251e-06 7.83983e-06 9.22368e-06 9.10351e-06 6.51586e-06 3.96213e-06 1.95083e-06 4.74884e-07 8.20338e-08 8.94282e-09 8.43768e-11 0.00000e+00 0.00000e+00 0.00000e+00 0.00000e+00 0.00000e+00 0.00000e+00 0.00000e+00 0.00000e+00 0.00000e+00 0.00000e+00 0.00000e+00 0.00000e+00 0.00000e+00 0.00000e+00 0.00000e+00 0.00000e+00 0.00000e+00 0.00000e+00 0.00000e+00 0.00000e+00 0.00000e+00
1.23000e+02 9.82573e-10 1.01686e-07 1.42727e-06 2.86313e-06 5.30456e-06 8.55547e-06 9.92255e-06 9.67688e-06 7.29917e-06 5.28901e-06 2.45429e-06 7.80069e-07 1.33054e-07 3.26601e-08 1.48941e-09 0.00000e+00 0.00000e+00 0.00000e+00 0.00000e+00 0.00000e+00 0.00000e+00 0.00000e+00 0.00000e+00 0.00000e+00 0.00000e+00 0.00000e+00 0.00000e+00 0.00000e+00 0.00000e+00 0.00000e+00 0.00000e+00 0.00000e+00 0.00000e+00 0.00000e+00 0.00000e+00 0.00000e+00
1.33000e+02 4.47615e-08 1.03191e-07 1.83453e-06 2.60836e-06 5.66141e-06 8.15933e-06 1.09515e-05 1.09387e-05 8.42255e-06 5.93438e-06 3.01811e-06 1.06735e-06 1.93584e-07 2.68120e-08 1.70183e-09 2.53538e-09 0.00000e+00 0.00000e+00 0.00000e+00 0.00000e+00 0.00000e+00 0.00000e+00 0.00000e+00 0.00000e+00 0.00000e+00 0.00000e+00 0.00000e+00 0.00000e+00 0.00000e+00 0.00000e+00 0.00000e+00 0.00000e+00 0.00000e+00 0.00000e+00 0.00000e+00 0.00000e+00
1.44000e+02 1.03953e-07 5.51389e-07 7.64812e-07 2.72062e-06 6.02653e-06 9.46752e-06 1.06605e-05 1.26709e-05 1.06587e-05 6.45276e-06 3.82428e-06 1.43564e-06 4.28693e-07 6.08730e-08 8.49760e-09 0.00000e+00 0.00000e+00 0.00000e+00 0.00000e+00 0.00000e+00 0.00000e+00 0.00000e+00 0.00000e+00 0.00000e+00 0.00000e+00 0.00000e+00 0.00000e+00 0.00000e+00 0.00000e+00 0.00000e+00 0.00000e+00 0.00000e+00 0.00000e+00 0.00000e+00 0.00000e+00 0.00000e+00
1.56000e+02 3.39340e-08 4.03988e-07 1.69778e-06 2.65277e-06 6.58177e-06 1.00245e-05 1.14822e-05 1.25111e-05 1.00404e-05 7.71645e-06 4.69514e-06 1.91921e-06 5.48643e-07 1.29269e-07 2.38180e-08 2.97730e-10 0.00000e+00 0.00000e+00 0.00000e+00 0.00000e+00 0.00000e+00 0.00000e+00 0.00000e+00 0.00000e+00 0.00000e+00 0.00000e+00 0.00000e+00 0.00000e+00 0.00000e+00 0.00000e+00 0.00000e+00 0.00000e+00 0.00000e+00 0.00000e+00 0.00000e+00 0.00000e+00
1.68000e+02 2.61078e-08 1.55732e-07 1.73408e-06 3.15572e-06 6.53899e-06 9.69038e-06 1.20947e-05 1.34610e-05 1.07827e-05 8.86650e-06 5.35323e-06 2.22760e-06 8.09888e-07 1.66105e-07 2.79475e-08 9.18224e-10 3.88347e-11 0.00000e+00 0.00000e+00 0.00000e+00 0.00000e+00 0.00000e+00 0.00000e+00 0.00000e+00 0.00000e+00 0.00000e+00 0.00000e+00 0.00000e+00 0.00000e+00 0.00000e+00 0.00000e+00 0.00000e+00 0.00000e+00 0.00000e+00 0.00000e+00 0.00000e+00
1.82000e+02 5.49534e-08 1.22460e-06 1.43932e-06 3.92048e-06 5.99050e-06 1.09566e-05 1.28101e-05 1.36161e-05 1.25022e-05 9.32673e-06 6.56278e-06 3.35844e-06 9.98001e-07 2.81502e-07 3.57390e-08 4.04174e-09 5.88782e-11 0.00000e+00 0.00000e+00 0.00000e+00 0.00000e+00 0.00000e+00 0.00000e+00 0.00000e+00 0.00000e+00 0.00000e+00 0.00000e+00 0.00000e+00 0.00000e+00 0.00000e+00 0.00000e+00 0.00000e+00 0.00000e+00 0.00000e+00 0.00000e+00 0.00000e+00
1.97000e+02 0.00000e+00 3.20591e-07 1.79689e-06 4.23449e-06 7.08487e-06 1.15714e-05 1.32019e-05 1.52237e-05 1.31570e-05 1.09640e-05 7.15599e-06 3.67135e-06 1.58500e-06 3.72497e-07 6.15060e-08 7.82777e-09 1.51962e-10 0.00000e+00 0.00000e+00 0.00000e+00 0.00000e+00 0.00000e+00 0.00000e+00 0.00000e+00 0.00000e+00 0.00000e+00 0.00000e+00 0.00000e+00 0.00000e+00 0.00000e+00 0.00000e+00 0.00000e+00 0.00000e+00 0.00000e+00 0.00000e+00 0.00000e+00
2.14000e+02 5.88226e-08 1.78198e-07 1.92385e-06 3.89996e-06 6.59671e-06 1.28992e-05 1.51201e-05 1.57479e-05 1.44555e-05 1.23430e-05 8.08317e-06 4.41032e-06 2.00960e-06 5.68510e-07 1.22711e-07 1.90633e-08 2.22847e-10 0.00000e+00 0.00000e+00 0.00000e+00 0.00000e+00 0.00000e+00 0.00000e+00 0.00000e+00 0.00000e+00 0.00000e+00 0.00000e+00 0.00000e+00 0.00000e+00 0.00000e+00 0.00000e+00 0.00000e+00 0.00000e+00 0.00000e+00 0.00000e+00 0.00000e+00
2.31000e+02 1.18446e-07 3.05144e-07 1.75837e-06 2.82839e-06 7.45206e-06 1.14515e-05 1.40933e-05 1.63061e-05 1.51137e-05 1.25437e-05 8.84590e-06 5.39448e-06 2.35008e-06 8.65147e-07 1.70956e-07 2.84962e-08 4.06755e-09 0.00000e+00 0.00000e+00 0.00000e+00 0.00000e+00 0.00000e+00 0.00000e+00 0.00000e+00 0.00000e+00 0.00000e+00 0.00000e+00 0.00000e+00 0.00000e+00 0.00000e+00 0.00000e+00 0.00000e+00 0.00000e+00 0.00000e+00 0.00000e+00 0.00000e+00
2.50000e+02 1.88075e-08 9.59967e-07 1.76294e-06 5.13805e-06 9.05630e-06 1.20169e-05 1.55352e-05 1.67238e-05 1.65323e-05 1.26040e-05 1.01021e-05 6.40705e-06 3.10619e-06 1.11328e-06 2.52355e-07 5.40537e-08 4.56961e-09 4.82881e-12 0.00000e+00 0.00000e+00 0.00000e+00 0.00000e+00 0.00000e+00 0.00000e+00 0.00000e+00 0.00000e+00 0.00000e+00 0.00000e+00 0.00000e+00 0.00000e+00 0.00000e+00 0.00000e+00 0.00000e+00 0.00000e+00 0.00000e+00 0.00000e+00
2.71000e+02 6.67563e-08 1.14742e-06 1.09146e-06 3.46504e-06 8.14337e-06 1.32180e-05 1.73620e-05 1.67623e-05 1.74280e-05 1.48544e-05 1.17916e-05 7.37955e-06 3.75490e-06 1.38384e-06 3.89520e-07 5.49177e-08 9.69124e-09 2.17744e-10 0.00000e+00 0.00000e+00 0.00000e+00 0.00000e+00 0.00000e+00 0.00000e+00 0.00000e+00 0.00000e+00 0.00000e+00 0.00000e+00 0.00000e+00 0.00000e+00 0.00000e+00 0.00000e+00 0.00000e+00 0.00000e+00 0.00000e+00 0.00000e+00
2.93000e+02 0.00000e+00 1.17738e-07 1.69960e-06 4.21163e-06 8.60034e-06 1.37295e-05 1.89449e-05 1.80291e-05 2.00584e-05 1.55407e-05 1.23952e-05 7.80809e-06 4.22224e-06 1.79705e-06 6.81031e-07 9.59385e-08 8.77118e-09 3.29022e-10 0.00000e+00 0.00000e+00 0.00000e+00 0.00000e+00 0.00000e+00 0.00000e+00 0.00000e+00 0.00000e+00 0.00000e+00 0.00000e+00 0.00000e+00 0.00000e+00 0.00000e+00 0.00000e+00 0.00000e+00 0.00000e+00 0.00000e+00 0.00000e+00
3.17000e+02 4.10787e-08 1.20931e-06 1.75720e-06 4.85900e-06 7.09587e-06 1.30655e-05 1.70582e-05 1.99538e-05 1.91491e-05 1.67072e-05 1.34384e-05 9.00136e-06 5.01714e-06 2.25986e-06 7.47962e-07 1.58084e-07 2.61293e-08 1.09422e-09 0.00000e+00 0.00000e+00 0.00000e+00 0.00000e+00 0.00000e+00 0.00000e+00 0.00000e+00 0.00000e+00 0.00000e+00 0.00000e+00 0.00000e+00 0.00000e+00 0.00000e+00 0.00000e+00 0.00000e+00 0.00000e+00 0.00000e+00 0.00000e+00
3.44000e+02 4.95643e-09 9.79138e-07 3.36653e-06 3.92051e-06 9.37645e-06 1.30864e-05 1.96671e-05 1.94362e-05 2.13953e-05 1.82819e-05 1.42762e-05 1.00547e-05 6.01237e-06 2.87464e-06 1.19135e-06 2.82932e-07 4.62229e-08 2.09085e-09 4.31319e-11 0.00000e+00 0.00000e+00 0.00000e+00 0.00000e+00 0.00000e+00 0.00000e+00 0.00000e+00 0.00000e+00 0.00000e+00 0.00000e+00 0.00000e+00 0.00000e+00 0.00000e+00 0.00000e+00 0.00000e+00 0.00000e+00 0.00000e+00
3.72000e+02 4.16381e-08 4.02083e-07 1.32097e-06 4.91227e-06 1.10452e-05 1.41290e-05 1.81051e-05 2.21123e-05 2.21690e-05 2.00838e-05 1.59115e-05 1.14351e-05 6.73238e-06 3.46254e-06 1.44614e-06 3.64503e-07 5.81978e-08 9.85882e-09 1.76330e-10 0.00000e+00 0.00000e+00 0.00000e+00 0.00000e+00 0.00000e+00 0.00000e+00 0.00000e+00 0.00000e+00 0.00000e+00 0.00000e+00 0.00000e+00 0.00000e+00 0.00000e+00 0.00000e+00 0.00000e+00 0.00000e+00 0.00000e+00
4.02000e+02 3.36479e-08 7.95296e-07 9.06551e-07 5.96754e-06 8.42052e-06 1.41817e-05 1.83730e-05 2.20868e-05 2.23094e-05 2.01405e-05 1.62032e-05 1.21021e-05 7.93083e-06 3.90502e-06 1.49482e-06 4.36988e-07 1.05386e-07 6.35114e-09 1.03953e-09 1.31598e-11 0.00000e+00 0.00000e+00 0.00000e+00 0.00000e+00 0.00000e+00 0.00000e+00 0.00000e+00 0.00000e+00 0.00000e+00 0.00000e+00 0.00000e+00 0.00000e+00 0.00000e+00 0.00000e+00 0.00000e+00 0.00000e+00
4.36000e+02 1.29877e-07 3.62079e-07 2.61638e-06 4.55503e-06 9.41900e-06 1.53152e-05 1.89536e-05 2.40712e-05 2.34418e-05 2.03757e-05 1.84235e-05 1.29038e-05 8.58420e-06 4.83183e-06 1.75073e-06 7.68399e-07 1.76933e-07 1.57066e-08 1.37568e-09 1.29712e-11 0.00000e+00 0.00000e+00 0.00000e+00 0.00000e+00 0.00000e+00 0.00000e+00 0.00000e+00 0.00000e+00 0.00000e+00 0.00000e+00 0.00000e+00 0.00000e+00 0.00000e+00 0.00000e+00 0.00000e+00 0.00000e+00
4.71000e+02 1.31473e-07 2.39225e-07 2.03832e-06 5.30906e-06 8.02110e-06 1.70906e-05 2.04127e-05 2.47810e-05 2.48432e-05 2.23680e-05 2.00888e-05 1.50920e-05 9.72596e-06 5.01659e-06 2.57386e-06 8.98756e-07 2.24946e-07 3.23654e-08 1.29757e-08 6.03613e-10 0.00000e+00 0.00000e+00 0.00000e+00 0.00000e+00 0.00000e+00 0.00000e+00 0.00000e+00 0.00000e+00 0.00000e+00 0.00000e+00 0.00000e+00 0.00000e+00 0.00000e+00 0.00000e+00 0.00000e+00 0.00000e+00
5.10000e+02 1.52328e-07 2.21468e-07 2.73948e-06 6.16081e-06 1.30436e-05 1.56366e-05 2.13504e-05 2.58935e-05 2.37966e-05 2.54698e-05 1.94969e-05 1.48519e-05 1.07394e-05 6.13609e-06 2.70346e-06 1.23195e-06 3.45049e-07 7.02274e-08 4.81512e-09 2.69866e-10 2.74654e-12 0.00000e+00 0.00000e+00 0.00000e+00 0.00000e+00 0.00000e+00 0.00000e+00 0.00000e+00 0.00000e+00 0.00000e+00 0.00000e+00 0.00000e+00 0.00000e+00 0.00000e+00 0.00000e+00 0.00000e+00
5.52000e+02 4.27167e-08 3.80764e-07 2.62173e-06 5.26316e-06 9.20061e-06 1.54717e-05 1.89221e-05 2.51143e-05 2.66539e-05 2.49110e-05 2.07820e-05 1.65726e-05 1.05614e-05 6.91486e-06 3.26018e-06 1.39211e-06 5.08200e-07 1.06181e-07 2.35514e-08 2.64526e-10 0.00000e+00 0.00000e+00 0.00000e+00 0.00000e+00 0.00000e+00 0.00000e+00 0.00000e+00 0.00000e+00 0.00000e+00 0.00000e+00 0.00000e+00 0.00000e+00 0.00000e+00 0.00000e+00 0.00000e+00 0.00000e+00
5.98000e+02 6.03183e-08 5.52397e-07 4.24063e-06 4.15995e-06 9.68119e-06 1.60124e-05 2.07448e-05 2.72175e-05 2.48784e-05 2.56828e-05 2.17822e-05 1.79107e-05 1.15464e-05 7.62198e-06 4.09934e-06 1.83358e-06 6.63455e-07 1.23096e-07 2.67211e-08 1.52558e-09 1.65513e-10 0.00000e+00 0.00000e+00 0.00000e+00 0.00000e+00 0.00000e+00 0.00000e+00 0.00000e+00 0.00000e+00 0.00000e+00 0.00000e+00 0.00000e+00 0.00000e+00 0.00000e+00 0.00000e+00 0.00000e+00
6.47000e+02 1.31308e-07 9.27415e-07 1.40910e-06 4.42798e-06 1.07175e-05 1.40242e-05 2.15506e-05 2.57475e-05 2.78363e-05 2.75742e-05 2.41432e-05 1.85216e-05 1.23007e-05 8.04633e-06 4.56376e-06 2.45475e-06 7.54023e-07 2.70824e-07 6.09803e-08 1.67295e-09 1.01965e-10 0.00000e+00 0.00000e+00 0.00000e+00 0.00000e+00 0.00000e+00 0.00000e+00 0.00000e+00 0.00000e+00 0.00000e+00 0.00000e+00 0.00000e+00 0.00000e+00 0.00000e+00 0.00000e+00 0.00000e+00
7.00000e+02 3.84231e-08 1.87787e-06 1.18151e-06 4.71885e-06 1.15121e-05 1.75765e-05 2.00365e-05 2.65190e-05 2.78718e-05 2.62261e-05 2.56541e-05 2.03385e-05 1.40427e-05 8.85077e-06 5.38880e-06 2.82067e-06 8.62559e-07 3.35804e-07 7.22604e-08 1.15770e-08 1.91950e-10 1.15563e-10 0.00000e+00 0.00000e+00 0.00000e+00 0.00000e+00 0.00000e+00 0.00000e+00 0.00000e+00 0.00000e+00 0.00000e+00 0.00000e+00 0.00000e+00 0.00000e+00 0.00000e+00 0.00000e+00
7.58000e+02 3.51485e-08 2.57574e-07 3.01584e-06 6.12919e-06 1.25708e-05 1.83168e-05 2.22312e-05 2.82904e-05 2.89060e-05 2.74314e-05 2.60580e-05 2.02093e-05 1.53849e-05 9.88119e-06 5.35616e-06 3.17217e-06 1.23517e-06 3.50995e-07 8.60055e-08 8.89573e-09 8.50052e-10 0.00000e+00 0.00000e+00 0.00000e+00 0.00000e+00 0.00000e+00 0.00000e+00 0.00000e+00 0.00000e+00 0.00000e+00 0.00000e+00 0.00000e+00 0.00000e+00 0.00000e+00 0.00000e+00 0.00000e+00
8.20000e+02 9.05404e-08 7.76080e-07 2.46022e-06 6.84224e-06 9.51629e-06 1.69161e-05 2.46564e-05 2.95338e-05 2.80131e-05 3.13651e-05 2.82123e-05 2.18958e-05 1.66758e-05 1.14036e-05 6.07545e-06 3.33571e-06 1.58966e-06 5.45101e-07 1.12508e-07 2.20998e-08 4.14147e-09 7.94086e-11 0.00000e+00 0.00000e+00 0.00000e+00 0.00000e+00 0.00000e+00 0.00000e+00 0.00000e+00 0.00000e+00 0.00000e+00 0.00000e+00 0.00000e+00 0.00000e+00 0.00000e+00 0.00000e+00
8.88000e+02 2.07451e-07 1.49128e-06 1.80456e-06 6.14407e-06 1.00670e-05 2.09451e-05 2.46196e-05 2.81946e-05 2.94665e-05 3.08115e-05 2.78285e-05 2.29526e-05 1.72444e-05 1.23708e-05 7.36150e-06 4.23042e-06 1.93192e-06 6.33500e-07 1.99958e-07 6.21807e-08 2.90027e-09 8.76033e-11 0.00000e+00 0.00000e+00 0.00000e+00 0.00000e+00 0.00000e+00 0.00000e+00 0.00000e+00 0.00000e+00 0.00000e+00 0.00000e+00 0.00000e+00 0.00000e+00 0.00000e+00 0.00000e+00
9.61000e+02 3.99081e-08 3.00422e-07 2.04368e-06 5.24913e-06 1.18116e-05 2.11267e-05 2.75172e-05 2.65535e-05 3.02638e-05 3.38000e-05 2.82578e-05 2.40018e-05 1.76064e-05 1.25227e-05 8.38276e-06 4.27973e-06 2.30436e-06 9.11129e-07 2.89420e-07 5.83176e-08 7.08533e-09 3.72125e-10 0.00000e+00 0.00000e+00 0.00000e+00 0.00000e+00 0.00000e+00 0.00000e+00 0.00000e+00 0.00000e+00 0.00000e+00 0.00000e+00 0.00000e+00 0.00000e+00 0.00000e+00 0.00000e+00
1.04000e+03 1.18220e-08 3.30672e-06 1.79735e-06 6.37696e-06 1.15164e-05 1.83603e-05 2.51685e-05 3.12745e-05 3.23274e-05 3.37821e-05 3.00036e-05 2.59758e-05 1.90009e-05 1.28181e-05 8.02118e-06 4.60005e-06 2.70460e-06 1.12304e-06 3.42947e-07 8.15269e-08 7.44210e-09 7.50699e-10 2.27218e-11 0.00000e+00 0.00000e+00 0.00000e+00 0.00000e+00 0.00000e+00 0.00000e+00 0.00000e+00 0.00000e+00 0.00000e+00 0.00000e+00 0.00000e+00 0.00000e+00 0.00000e+00
1.12500e+03 1.00310e-07 7.19419e-07 2.90710e-06 4.08840e-06 1.70849e-05 1.76584e-05 2.56147e-05 3.44864e-05 3.31584e-05 3.23964e-05 3.31099e-05 2.64813e-05 1.97950e-05 1.48905e-05 9.33204e-06 5.58267e-06 2.80105e-06 1.29471e-06 4.93920e-07 1.18742e-07 1.97092e-08 5.01572e-09 0.00000e+00 0.00000e+00 0.00000e+00 0.00000e+00 0.00000e+00 0.00000e+00 0.00000e+00 0.00000e+00 0.00000e+00 0.00000e+00 0.00000e+00 0.00000e+00 0.00000e+00 0.00000e+00
1.21800e+03 1.64249e-07 3.60618e-07 3.57058e-06 7.10418e-06 1.12238e-05 1.85779e-05 2.35911e-05 3.07005e-05 3.34774e-05 3.26812e-05 3.09398e-05 2.68834e-05 2.07097e-05 1.47321e-05 1.01670e-05 6.11387e-06 3.41211e-06 1.63672e-06 5.69129e-07 1.83767e-07 2.30423e-08 1.98003e-09 1.85537e-10 0.00000e+00 0.00000e+00 0.00000e+00 0.00000e+00 0.00000e+00 0.00000e+00 0.00000e+00 0.00000e+00 0.00000e+00 0.00000e+00 0.00000e+00 0.00000e+00 0.00000e+00
1.31800e+03 2.87918e-06 1.28122e-06 2.79483e-06 5.20230e-06 1.49113e-05 1.94365e-05 2.58859e-05 3.59927e-05 3.70871e-05 3.62880e-05 3.02797e-05 2.80856e-05 2.24870e-05 1.55508e-05 1.15323e-05 5.92664e-06 3.85030e-06 1.92473e-06 7.89734e-07 2.42831e-07 5.34891e-08 5.72780e-09 4.06775e-10 0.00000e+00 0.00000e+00 0.00000e+00 0.00000e+00 0.00000e+00 0.00000e+00 0.00000e+00 0.00000e+00 0.00000e+00 0.00000e+00 0.00000e+00 0.00000e+00 0.00000e+00
1.42700e+03 8.61596e-08 5.31747e-07 1.66961e-06 9.51891e-06 1.71029e-05 1.90413e-05 2.81783e-05 3.21576e-05 3.55781e-05 3.59313e-05 3.30860e-05 2.93319e-05 2.35846e-05 1.70989e-05 1.24733e-05 7.45824e-06 4.09998e-06 2.08465e-06 1.04013e-06 3.03240e-07 6.31808e-08 6.83727e-09 5.93741e-09 3.05900e-11 0.00000e+00 0.00000e+00 0.00000e+00 0.00000e+00 0.00000e+00 0.00000e+00 0.00000e+00 0.00000e+00 0.00000e+00 0.00000e+00 0.00000e+00 0.00000e+00
1.54400e+03 2.69888e-07 3.46990e-07 3.20782e-06 6.56441e-06 1.00055e-05 1.89153e-05 2.81907e-05 3.21781e-05 3.42372e-05 3.53939e-05 3.65166e-05 3.14953e-05 2.56976e-05 1.84762e-05 1.21565e-05 8.38445e-06 4.78649e-06 2.52048e-06 1.18386e-06 4.15882e-07 1.07947e-07 3.07796e-08 7.36759e-10 9.76225e-10 0.00000e+00 0.00000e+00 0.00000e+00 0.00000e+00 0.00000e+00 0.00000e+00 0.00000e+00 0.00000e+00 0.00000e+00 0.00000e+00 0.00000e+00 0.00000e+00
1.67100e+03 3.06791e-08 6.99991e-07 2.29365e-06 4.82737e-06 1.46847e-05 1.99414e-05 2.32203e-05 3.26642e-05 3.61285e-05 3.89154e-05 3.46740e-05 2.94639e-05 2.61425e-05 1.83844e-05 1.28222e-05 9.35120e-06 4.88620e-06 3.00277e-06 1.37580e-06 5.14306e-07 1.20510e-07 4.21440e-08 1.46357e-09 3.80699e-11 0.00000e+00 0.00000e+00 0.00000e+00 0.00000e+00 0.00000e+00 0.00000e+00 0.00000e+00 0.00000e+00 0.00000e+00 0.00000e+00 0.00000e+00 0.00000e+00
1.80800e+03 9.63734e-08 1.97812e-06 4.06631e-06 5.86820e-06 1.46029e-05 1.97282e-05 3.07560e-05 3.34030e-05 4.17305e-05 3.73308e-05 3.30828e-05 3.10399e-05 2.65149e-05 1.88146e-05 1.40748e-05 8.77457e-06 5.87342e-06 3.03673e-06 1.58953e-06 6.84668e-07 1.87281e-07 3.33329e-08 4.65034e-09 2.10145e-10 5.89523e-12 0.00000e+00 0.00000e+00 0.00000e+00 0.00000e+00 0.00000e+00 0.00000e+00 0.00000e+00 0.00000e+00 0.00000e+00 0.00000e+00 0.00000e+00
1.95700e+03 8.49308e-08 5.22606e-07 2.78185e-06 5.69374e-06 1.18088e-05 2.28483e-05 2.51323e-05 2.76674e-05 3.85887e-05 3.87754e-05 3.67622e-05 3.27396e-05 2.83644e-05 2.11828e-05 1.50258e-05 1.00338e-05 6.50216e-06 3.59712e-06 1.69221e-06 8.27073e-07 2.77617e-07 7.22493e-08 6.50096e-09 4.99153e-10 0.00000e+00 0.00000e+00 0.00000e+00 0.00000e+00 0.00000e+00 0.00000e+00 0.00000e+00 0.00000e+00 0.00000e+00 0.00000e+00 0.00000e+00 0.00000e+00
2.11800e+03 9.91465e-07 5.84654e-07 4.29491e-06 4.67412e-06 1.23029e-05 2.18242e-05 2.61397e-05 3.55726e-05 4.28030e-05 4.02345e-05 4.00840e-05 3.52038e-05 2.87404e-05 2.21465e-05 1.61003e-05 1.11248e-05 6.53972e-06 3.79942e-06 2.01437e-06 8.56116e-07 3.49265e-07 8.41494e-08 7.75222e-09 1.14928e-09 1.17649e-10 0.00000e+00 0.00000e+00 0.00000e+00 0.00000e+00 0.00000e+00 0.00000e+00 0.00000e+00 0.00000e+00 0.00000e+00 0.00000e+00 0.00000e+00
2.29200e+03 4.71577e-07 9.38092e-07 2.11903e-06 9.99314e-06 1.02393e-05 2.11373e-05 2.77135e-05 3.50088e-05 4.07588e-05 3.77473e-05 3.87634e-05 3.45801e-05 2.90108e-05 2.31984e-05 1.71252e-05 1.08611e-05 7.03796e-06 4.16631e-06 2.06380e-06 1.16360e-06 4.04164e-07 1.12028e-07 1.92680e-08 3.10738e-09 7.13975e-11 0.00000e+00 0.00000e+00 0.00000e+00 0.00000e+00 0.00000e+00 0.00000e+00 0.00000e+00 0.00000e+00 0.00000e+00 0.00000e+00 0.00000e+00
2.48100e+03 3.08306e-08 2.42660e-06 3.32880e-06 8.92679e-06 1.46537e-05 2.41848e-05 3.14686e-05 3.49526e-05 3.68792e-05 4.16311e-05 3.93759e-05 3.69742e-05 2.97786e-05 2.35093e-05 1.82616e-05 1.26324e-05 7.56218e-06 4.81629e-06 2.44228e-06 1.30288e-06 4.78017e-07 2.28783e-07 2.85604e-08 7.76491e-09 1.93437e-09 1.91488e-12 0.00000e+00 0.00000e+00 0.00000e+00 0.00000e+00 0.00000e+00 0.00000e+00 0.00000e+00 0.00000e+00 0.00000e+00 0.00000e+00
2.68500e+03 1.36958e-07 6.74400e-07 2.98618e-06 8.23270e-06 1.85978e-05 2.23390e-05 3.23931e-05 3.54808e-05 4.08171e-05 4.08228e-05 4.16046e-05 3.46143e-05 3.19403e-05 2.42329e-05 1.91006e-05 1.31505e-05 8.39226e-06 5.18404e-06 2.73388e-06 1.41742e-06 5.75157e-07 2.20033e-07 5.02613e-08 9.94874e-09 7.37435e-10 3.46650e-11 0.00000e+00 0.00000e+00 0.00000e+00 0.00000e+00 0.00000e+00 0.00000e+00 0.00000e+00 0.00000e+00 0.00000e+00 0.00000e+00
2.90600e+03 1.26791e-07 3.01568e-06 1.55208e-06 5.89677e-06 1.34282e-05 2.35557e-05 3.03949e-05 3.75174e-05 4.19117e-05 4.26316e-05 3.93630e-05 3.88973e-05 3.17844e-05 2.61749e-05 1.94594e-05 1.32071e-05 8.96389e-06 5.19894e-06 3.25295e-06 1.64621e-06 7.46915e-07 2.70283e-07 6.93986e-08 1.49435e-08 1.11436e-09 2.82230e-10 0.00000e+00 0.00000e+00 0.00000e+00 0.00000e+00 0.00000e+00 0.00000e+00 0.00000e+00 0.00000e+00 0.00000e+00 0.00000e+00
3.14500e+03 2.79517e-07 2.68562e-06 4.03599e-06 9.64845e-06 1.50217e-05 2.50194e-05 3.05755e-05 3.66181e-05 4.11505e-05 4.42574e-05 4.11501e-05 3.76837e-05 3.34114e-05 2.58321e-05 2.12180e-05 1.41023e-05 9.25041e-06 5.86096e-06 3.34166e-06 1.97708e-06 8.96761e-07 3.39549e-07 9.56607e-08 2.31977e-08 6.77345e-09 2.04350e-10 0.00000e+00 0.00000e+00 0.00000e+00 0.00000e+00 0.00000e+00 0.00000e+00 0.00000e+00 0.00000e+00 0.00000e+00 0.00000e+00
3.40400e+03 8.41269e-08 7.67838e-07 4.28350e-06 5.08061e-06 1.63507e-05 2.32067e-05 3.29615e-05 3.26185e-05 4.18890e-05 4.23947e-05 4.24366e-05 4.08779e-05 3.33452e-05 2.66408e-05 2.14885e-05 1.56455e-05 1.07809e-05 6.65758e-06 3.87433e-06 2.16354e-06 9.99894e-07 5.01442e-07 1.36077e-07 2.55494e-08 5.93223e-09 2.59705e-10 1.57387e-11 0.00000e+00 0.00000e+00 0.00000e+00 0.00000e+00 0.00000e+00 0.00000e+00 0.00000e+00 0.00000e+00 0.00000e+00
3.68400e+03 2.73341e-09 1.41498e-06 2.95322e-06 9.53001e-06 1.66581e-05 2.28043e-05 2.77528e-05 3.58933e-05 4.36474e-05 4.40389e-05 4.13777e-05 4.20952e-05 3.51154e-05 2.79802e-05 2.25677e-05 1.66115e-05 1.14688e-05 6.92377e-06 4.25447e-06 2.18837e-06 1.21483e-06 4.80853e-07 1.94777e-07 4.23910e-08 4.49867e-09 4.18335e-10 9.12264e-11 0.00000e+00 0.00000e+00 0.00000e+00 0.00000e+00 0.00000e+00 0.00000e+00 0.00000e+00 0.00000e+00 0.00000e+00
3.98600e+03 1.04013e-07 1.49572e-06 2.04375e-06 1.03269e-05 1.33155e-05 2.29321e-05 3.57029e-05 3.74155e-05 4.14765e-05 4.26925e-05 4.48021e-05 4.38821e-05 3.48040e-05 2.92745e-05 2.22066e-05 1.66468e-05 1.21226e-05 7.30155e-06 4.67650e-06 2.65722e-06 1.33942e-06 6.15450e-07 2.51181e-07 5.81812e-08 1.24091e-08 9.38446e-10 2.34378e-11 0.00000e+00 0.00000e+00 0.00000e+00 0.00000e+00 0.00000e+00 0.00000e+00 0.00000e+00 0.00000e+00 0.00000e+00
4.31400e+03 7.10934e-08 1.17434e-06 3.74829e-06 6.34619e-06 1.70493e-05 3.15792e-05 3.59621e-05 3.56920e-05 4.61112e-05 4.42169e-05 5.05270e-05 3.96745e-05 3.75304e-05 3.09160e-05 2.24616e-05 1.67184e-05 1.26475e-05 8.43541e-06 4.85763e-06 2.76684e-06 1.57413e-06 6.35888e-07 2.81210e-07 8.89990e-08 1.45850e-08 3.62739e-09 1.18567e-10 0.00000e+00 0.00000e+00 0.00000e+00 0.00000e+00 0.00000e+00 0.00000e+00 0.00000e+00 0.00000e+00 0.00000e+00
4.66900e+03 1.31715e-07 6.37727e-07 4.22593e-06 5.50779e-06 1.49228e-05 2.07833e-05 3.46514e-05 3.99962e-05 4.42769e-05 4.86559e-05 4.52406e-05 4.24146e-05 3.69622e-05 3.09372e-05 2.54870e-05 1.88254e-05 1.35989e-05 8.49760e-06 5.48066e-06 3.11368e-06 1.53346e-06 7.86797e-07 3.59466e-07 1.29754e-07 2.87416e-08 5.91266e-09 6.05924e-10 6.14859e-12 0.00000e+00 0.00000e+00 0.00000e+00 0.00000e+00 0.00000e+00 0.00000e+00 0.00000e+00 0.00000e+00
5.05300e+03 2.87874e-07 5.69154e-07 2.74202e-06 1.29351e-05 1.72660e-05 2.57364e-05 3.08932e-05 4.05210e-05 4.67595e-05 4.77895e-05 4.50969e-05 4.73977e-05 3.81902e-05 3.07089e-05 2.61647e-05 1.99013e-05 1.45106e-05 9.43532e-06 5.66953e-06 3.28394e-06 1.79422e-06 8.79976e-07 4.22555e-07 1.56014e-07 4.47951e-08 5.49361e-09 3.22760e-10 3.61446e-12 0.00000e+00 0.00000e+00 0.00000e+00 0.00000e+00 0.00000e+00 0.00000e+00 0.00000e+00 0.00000e+00
5.46900e+03 6.67592e-08 3.95689e-07 2.43712e-06 7.64517e-06 1.38305e-05 2.19454e-05 3.29732e-05 3.95272e-05 4.53939e-05 5.17042e-05 4.97413e-05 4.71755e-05 4.01854e-05 3.31465e-05 2.62268e-05 2.00919e-05 1.41796e-05 9.99887e-06 6.26906e-06 3.74240e-06 2.09866e-06 9.94286e-07 5.04731e-07 1.88276e-07 5.48565e-08 1.67094e-08 7.23108e-10 7.21789e-11 0.00000e+00 0.00000e+00 0.00000e+00 0.00000e+00 0.00000e+00 0.00000e+00 0.00000e+00 0.00000e+00
5.91900e+03 0.00000e+00 9.85425e-07 2.84858e-06 1.26588e-05 1.68688e-05 2.31297e-05 3.26495e-05 4.20421e-05 4.56021e-05 5.14350e-05 4.80697e-05 4.69216e-05 4.34365e-05 3.22037e-05 2.61362e-05 2.05801e-05 1.51628e-05 1.05587e-05 6.80070e-06 4.05271e-06 2.31797e-06 1.18210e-06 5.98416e-07 2.26925e-07 7.16199e-08 1.21900e-08 1.52865e-09 4.80645e-11 6.64202e-12 0.00000e+00 0.00000e+00 0.00000e+00 0.00000e+00 0.00000e+00 0.00000e+00 0.00000e+00
6.40500e+03 2.21309e-06 3.15647e-07 2.92205e-06 5.88127e-06 1.58129e-05 2.36305e-05 3.41339e-05 4.03354e-05 4.79771e-05 4.90672e-05 5.11103e-05 4.76181e-05 4.18344e-05 3.41105e-05 2.96645e-05 2.16080e-05 1.58808e-05 1.09662e-05 7.02319e-06 4.37864e-06 2.50403e-06 1.37423e-06 6.43976e-07 2.86279e-07 9.67486e-08 2.19648e-08 3.37505e-09 2.45994e-10 0.00000e+00 0.00000e+00 0.00000e+00 0.00000e+00 0.00000e+00 0.00000e+00 0.00000e+00 0.00000e+00
6.93200e+03 1.13574e-07 1.22233e-06 1.28507e-06 9.25083e-06 1.63802e-05 2.65211e-05 3.04418e-05 4.52451e-05 4.86788e-05 4.82901e-05 4.99418e-05 4.87024e-05 4.16315e-05 3.68181e-05 3.06215e-05 2.16963e-05 1.65715e-05 1.12110e-05 7.45927e-06 4.67554e-06 2.64023e-06 1.50175e-06 7.34702e-07 3.29912e-07 1.35597e-07 4.13083e-08 6.76627e-09 2.15096e-10 2.98596e-11 0.00000e+00 0.00000e+00 0.00000e+00 0.00000e+00 0.00000e+00 0.00000e+00 0.00000e+00
7.50200e+03 1.41846e-06 3.19299e-07 2.61491e-06 1.10995e-05 1.84453e-05 2.83457e-05 3.09780e-05 4.05357e-05 4.96774e-05 5.42529e-05 5.18184e-05 4.89491e-05 4.28884e-05 3.74235e-05 3.07305e-05 2.27993e-05 1.70638e-05 1.21582e-05 7.97706e-06 5.08560e-06 3.04629e-06 1.79705e-06 8.22041e-07 4.16669e-07 1.49482e-07 3.99147e-08 1.15092e-08 1.55962e-09 3.45226e-11 0.00000e+00 0.00000e+00 0.00000e+00 0.00000e+00 0.00000e+00 0.00000e+00 0.00000e+00
8.11900e+03 4.54820e-07 2.32264e-06 3.37348e-06 1.12720e-05 1.24429e-05 2.52081e-05 3.22503e-05 4.44551e-05 4.44898e-05 5.19825e-05 5.29134e-05 5.11699e-05 4.55000e-05 3.82953e-05 3.07428e-05 2.34468e-05 1.78317e-05 1.28413e-05 8.12204e-06 5.43960e-06 3.22384e-06 1.79935e-06 9.29997e-07 4.33590e-07 1.88211e-07 6.56474e-08 1.64779e-08 1.14140e-09 8.14102e-11 1.07675e-11 0.00000e+00 0.00000e+00 0.00000e+00 0.00000e+00 0.00000e+00 0.00000e+00
8.78700e+03 3.20551e-07 6.67443e-07 3.86031e-06 9.61043e-06 1.45675e-05 2.31670e-05 3.07808e-05 4.06876e-05 4.96982e-05 5.31724e-05 5.35579e-05 5.00518e-05 4.48803e-05 3.78711e-05 3.15877e-05 2.43818e-05 1.83096e-05 1.36614e-05 9.24291e-06 5.88405e-06 3.48798e-06 1.92421e-06 1.11850e-06 5.14304e-07 2.19782e-07 7.19303e-08 2.32460e-08 2.16939e-09 2.49009e-10 7.75415e-13 0.00000e+00 0.00000e+00 0.00000e+00 0.00000e+00 0.00000e+00 0.00000e+00
9.51000e+03 5.34500e-08 3.72869e-06 4.70804e-06 7.79006e-06 1.97015e-05 2.75051e-05 3.16175e-05 4.48483e-05 4.92361e-05 5.58274e-05 5.71277e-05 5.54279e-05 4.76278e-05 4.11083e-05 3.39596e-05 2.61330e-05 1.89209e-05 1.38127e-05 9.43013e-06 6.15622e-06 3.74039e-06 2.15241e-06 1.10681e-06 5.69735e-07 2.70710e-07 8.94482e-08 3.25641e-08 3.42566e-09 2.78080e-10 2.05021e-11 0.00000e+00 0.00000e+00 0.00000e+00 0.00000e+00 0.00000e+00 0.00000e+00
1.02920e+04 2.29633e-08 1.36752e-06 3.54464e-06 9.29306e-06 1.52233e-05 2.34071e-05 3.80886e-05 4.15868e-05 5.23100e-05 5.14737e-05 5.44515e-05 5.34401e-05 4.80963e-05 4.01466e-05 3.30817e-05 2.62402e-05 2.04754e-05 1.44894e-05 1.02828e-05 6.85455e-06 4.14365e-06 2.37838e-06 1.36452e-06 6.64971e-07 3.08859e-07 1.23527e-07 3.43557e-08 6.12989e-09 5.87138e-10 4.87244e-11 0.00000e+00 0.00000e+00 0.00000e+00 0.00000e+00 0.00000e+00 0.00000e+00
1.11380e+04 1.26127e-07 4.89142e-07 4.74141e-06 7.81278e-06 1.69715e-05 2.77107e-05 3.82535e-05 4.59007e-05 4.99820e-05 5.39469e-05 5.80814e-05 5.51743e-05 4.89433e-05 4.14644e-05 3.44549e-05 2.74052e-05 2.05821e-05 1.52702e-05 1.09269e-05 7.33617e-06 4.34461e-06 2.51679e-06 1.46504e-06 8.06935e-07 3.74679e-07 1.40324e-07 5.19847e-08 9.30487e-09 2.49798e-09 5.79487e-10 0.00000e+00 0.00000e+00 0.00000e+00 0.00000e+00 0.00000e+00 0.00000e+00
1.20540e+04 1.70013e-07 1.39130e-06 5.25367e-06 1.18945e-05 1.53276e-05 2.75277e-05 3.66536e-05 4.87567e-05 5.34854e-05 5.73252e-05 5.65217e-05 5.54538e-05 4.97619e-05 4.11881e-05 3.42986e-05 2.76215e-05 2.21842e-05 1.55145e-05 1.11953e-05 7.26242e-06 4.75244e-06 2.99972e-06 1.62141e-06 8.24070e-07 4.13746e-07 1.59857e-07 5.61593e-08 1.26905e-08 1.90828e-09 1.98817e-10 1.67648e-11 0.00000e+00 0.00000e+00 0.00000e+00 0.00000e+00 0.00000e+00
1.30460e+04 9.70803e-08 5.36074e-07 2.41677e-06 1.15889e-05 1.79067e-05 2.35819e-05 3.64498e-05 4.51214e-05 5.26253e-05 5.87639e-05 5.49345e-05 5.80614e-05 5.14990e-05 4.21821e-05 3.67079e-05 2.81352e-05 2.19908e-05 1.62275e-05 1.20713e-05 7.98986e-06 5.03671e-06 3.20024e-06 1.82819e-06 9.46713e-07 4.59847e-07 2.20032e-07 8.51568e-08 2.43511e-08 5.63362e-09 3.27864e-10 1.29155e-11 0.00000e+00 0.00000e+00 0.00000e+00 0.00000e+00 0.00000e+00
1.41190e+04 1.67686e-07 7.34715e-07 4.81199e-06 7.56569e-06 1.64841e-05 2.39125e-05 3.48899e-05 4.24916e-05 5.42736e-05 5.60464e-05 6.21691e-05 5.48224e-05 5.08245e-05 4.44265e-05 3.68528e-05 2.90353e-05 2.23654e-05 1.65288e-05 1.24134e-05 7.78620e-06 5.26967e-06 3.25130e-06 1.95687e-06 1.08399e-06 5.39157e-07 2.48235e-07 1.06834e-07 3.51402e-08 7.49132e-09 1.40632e-09 1.96392e-11 0.00000e+00 0.00000e+00 0.00000e+00 0.00000e+00 0.00000e+00
1.52800e+04 6.33377e-08 2.86241e-07 7.70816e-06 9.11618e-06 2.03558e-05 2.29470e-05 3.91407e-05 4.11963e-05 5.47369e-05 6.06114e-05 6.02763e-05 5.51977e-05 5.08409e-05 4.62103e-05 3.67601e-05 3.02119e-05 2.26176e-05 1.80869e-05 1.32880e-05 8.47578e-06 5.80478e-06 3.67612e-06 2.05480e-06 1.16658e-06 6.23383e-07 2.94331e-07 1.14772e-07 4.56139e-08 8.29785e-09 1.04300e-09 7.77969e-11 1.08222e-13 0.00000e+00 0.00000e+00 0.00000e+00 0.00000e+00
1.65360e+04 3.32403e-07 1.68075e-06 4.09980e-06 1.06183e-05 1.70480e-05 2.66461e-05 4.15313e-05 4.52601e-05 5.51227e-05 5.88789e-05 5.73295e-05 5.86281e-05 5.50142e-05 4.75920e-05 3.79627e-05 3.10783e-05 2.42543e-05 1.88563e-05 1.31067e-05 9.43191e-06 6.24421e-06 3.97620e-06 2.27578e-06 1.25651e-06 6.53381e-07 3.53071e-07 1.49030e-07 5.27926e-08 1.30993e-08 2.05993e-09 1.47600e-10 6.56992e-12 0.00000e+00 0.00000e+00 0.00000e+00 0.00000e+00
1.78960e+04 3.58998e-08 3.51219e-07 1.84812e-06 1.09274e-05 1.86288e-05 2.71122e-05 3.83773e-05 4.78911e-05 5.74873e-05 5.92864e-05 6.16502e-05 6.03251e-05 5.30820e-05 4.57164e-05 4.02548e-05 3.21858e-05 2.46189e-05 1.87083e-05 1.38033e-05 9.66992e-06 6.45016e-06 3.82189e-06 2.47680e-06 1.41541e-06 7.37431e-07 3.64090e-07 1.71759e-07 7.12872e-08 1.51922e-08 4.77246e-09 3.02776e-10 4.23829e-11 0.00000e+00 0.00000e+00 0.00000e+00 0.00000e+00
1.93680e+04 8.06020e-08 5.67930e-07 2.97357e-06 1.10567e-05 2.07134e-05 2.56643e-05 3.47388e-05 5.18818e-05 5.52383e-05 6.04772e-05 6.33383e-05 5.98891e-05 5.65535e-05 4.88499e-05 4.10035e-05 3.46499e-05 2.46773e-05 1.87905e-05 1.48972e-05 1.03004e-05 7.17205e-06 4.30715e-06 2.65832e-06 1.54269e-06 8.58831e-07 4.22504e-07 1.97556e-07 8.77455e-08 2.54411e-08 7.42377e-09 7.21627e-10 5.21879e-11 7.67258e-12 0.00000e+00 0.00000e+00 0.00000e+00
2.09610e+04 0.00000e+00 1.72584e-06 4.68397e-06 1.10886e-05 1.50623e-05 2.83702e-05 3.56991e-05 4.72936e-05 5.63968e-05 6.31807e-05 6.23972e-05 6.07246e-05 5.69671e-05 5.10916e-05 4.07532e-05 3.36108e-05 2.59821e-05 1.99532e-05 1.48055e-05 1.05067e-05 6.98861e-06 4.66140e-06 3.23471e-06 1.61553e-06 9.50433e-07 5.10771e-07 2.52711e-07 8.04524e-08 3.02872e-08 9.01747e-09 1.04110e-09 8.38055e-11 2.81401e-11 0.00000e+00 0.00000e+00 0.00000e+00
2.26850e+04 0.00000e+00 3.09269e-07 5.50568e-06 9.42930e-06 1.72284e-05 2.68009e-05 3.44910e-05 5.24231e-05 5.97366e-05 6.42880e-05 6.46932e-05 6.02493e-05 5.65429e-05 5.05770e-05 4.22153e-05 3.50836e-05 2.70756e-05 2.15317e-05 1.54048e-05 1.11645e-05 7.53007e-06 5.09219e-06 3.08703e-06 1.81570e-06 1.04533e-06 5.52582e-07 2.82176e-07 1.16411e-07 4.94667e-08 9.36001e-09 2.71102e-09 3.01984e-10 0.00000e+00 0.00000e+00 0.00000e+00 0.00000e+00
2.45500e+04 3.13534e-07 2.92901e-06 3.01820e-06 1.23328e-05 2.09929e-05 2.57845e-05 4.53927e-05 5.21518e-05 5.47439e-05 6.28180e-05 6.49137e-05 6.31438e-05 5.92476e-05 5.41537e-05 4.52182e-05 3.48227e-05 2.79124e-05 2.20206e-05 1.58021e-05 1.14783e-05 8.09426e-06 5.19291e-06 3.15341e-06 2.00453e-06 1.16483e-06 6.70689e-07 3.15824e-07 1.34790e-07 6.09282e-08 1.73162e-08 2.17787e-09 1.71142e-10 1.92905e-11 0.00000e+00 0.00000e+00 0.00000e+00
2.65690e+04 1.53137e-07 2.22855e-06 1.89648e-06 7.64253e-06 1.45101e-05 2.20215e-05 3.83969e-05 5.36082e-05 6.37803e-05 6.45978e-05 6.99881e-05 6.70326e-05 6.03925e-05 5.31894e-05 4.60268e-05 3.55544e-05 2.91319e-05 2.18094e-05 1.62688e-05 1.18124e-05 8.32917e-06 5.71425e-06 3.77812e-06 2.09356e-06 1.27467e-06 6.45961e-07 3.40122e-07 1.51903e-07 5.27928e-08 1.45185e-08 5.20947e-09 2.92727e-10 3.91425e-11 2.07899e-13 0.00000e+00 0.00000e+00
2.87540e+04 6.88477e-07 6.87408e-07 1.66838e-06 8.91921e-06 1.99492e-05 3.02917e-05 4.45981e-05 5.53262e-05 5.56079e-05 6.26065e-05 6.89023e-05 6.50382e-05 6.11226e-05 5.18763e-05 4.61877e-05 3.65445e-05 2.99175e-05 2.18546e-05 1.69417e-05 1.22991e-05 8.69294e-06 6.18740e-06 3.84029e-06 2.31182e-06 1.37368e-06 7.44114e-07 4.09507e-07 1.62796e-07 8.54888e-08 2.98841e-08 6.95126e-09 7.82000e-10 5.07094e-11 1.73254e-11 0.00000e+00 0.00000e+00
3.11190e+04 1.57927e-07 4.43468e-07 3.24280e-06 7.38764e-06 1.69402e-05 2.31297e-05 4.49110e-05 4.88526e-05 6.39052e-05 6.65275e-05 7.33777e-05 6.73821e-05 6.14063e-05 5.79734e-05 4.95268e-05 3.84051e-05 2.98033e-05 2.34318e-05 1.76006e-05 1.25540e-05 9.02072e-06 5.93353e-06 4.23110e-06 2.52596e-06 1.47218e-06 8.63961e-07 4.30105e-07 2.06776e-07 1.01535e-07 3.22231e-08 7.79194e-09 1.58562e-09 1.51612e-10 7.62056e-13 0.00000e+00 0.00000e+00
3.36780e+04 0.00000e+00 4.67914e-07 3.63097e-06 7.75121e-06 1.70370e-05 3.51645e-05 3.81389e-05 4.33879e-05 5.93965e-05 6.28372e-05 6.64515e-05 6.93734e-05 6.23988e-05 5.77576e-05 4.79861e-05 3.90641e-05 3.15389e-05 2.37248e-05 1.77032e-05 1.37515e-05 9.46864e-06 6.26880e-06 4.20809e-06 2.78926e-06 1.59812e-06 9.37287e-07 4.96020e-07 2.46654e-07 1.10336e-07 4.29228e-08 1.40245e-08 2.60471e-09 3.48346e-10 1.27035e-11 2.38847e-13 0.00000e+00
3.64480e+04 1.64487e-07 5.28970e-07 2.41938e-06 1.05208e-05 1.25113e-05 2.80663e-05 3.95454e-05 4.65625e-05 5.85492e-05 6.87582e-05 6.82829e-05 7.19774e-05 6.42562e-05 5.44911e-05 4.97223e-05 3.98523e-05 3.14354e-05 2.46224e-05 1.91562e-05 1.35426e-05 9.94288e-06 6.95184e-06 4.56418e-06 2.93022e-06 1.72782e-06 9.75560e-07 5.44034e-07 2.94736e-07 1.30588e-07 5.65673e-08 1.82506e-08 3.47096e-09 1.19041e-09 2.25466e-11 3.62479e-12 0.00000e+00
3.94450e+04 6.88048e-08 4.81964e-07 2.75109e-06 1.19755e-05 2.04330e-05 2.98106e-05 3.92492e-05 5.24501e-05 5.45581e-05 7.19962e-05 7.01325e-05 6.98738e-05 6.41221e-05 5.86210e-05 4.89891e-05 4.11969e-05 3.43083e-05 2.64234e-05 1.95795e-05 1.44461e-05 1.04224e-05 7.12298e-06 4.72898e-06 3.06835e-06 1.85062e-06 1.09546e-06 6.07378e-07 2.90581e-07 1.53405e-07 7.55325e-08 2.48516e-08 5.21234e-09 7.16035e-10 4.47842e-11 3.22089e-12 0.00000e+00
4.26890e+04 2.75565e-07 6.14435e-07 5.29518e-06 1.06251e-05 1.40835e-05 2.17167e-05 4.19362e-05 5.56532e-05 6.85215e-05 7.19791e-05 6.70305e-05 7.32558e-05 6.73712e-05 6.03628e-05 5.19098e-05 4.17142e-05 3.33694e-05 2.59228e-05 1.94104e-05 1.51324e-05 1.08239e-05 7.07071e-06 5.01455e-06 3.18413e-06 2.03466e-06 1.16907e-06 6.83843e-07 3.34254e-07 1.69497e-07 7.56400e-08 2.77909e-08 1.25239e-08 9.52607e-10 1.16351e-10 7.94347e-13 0.00000e+00
4.62000e+04 1.88502e-07 2.09485e-07 4.93020e-06 1.84851e-05 2.30256e-05 2.98878e-05 4.15151e-05 5.36476e-05 6.89066e-05 7.53833e-05 7.89152e-05 7.28276e-05 6.75770e-05 6.20125e-05 5.36104e-05 4.13689e-05 3.58823e-05 2.69389e-05 2.07769e-05 1.50313e-05 1.07925e-05 8.09113e-06 5.52734e-06 3.53361e-06 2.27057e-06 1.29740e-06 7.30132e-07 3.90788e-07 2.07155e-07 9.42932e-08 3.38036e-08 9.31091e-09 1.50210e-09 2.31803e-10 4.43243e-11 0.00000e+00
4.99990e+04 5.96757e-08 6.21288e-07 4.27397e-06 1.10721e-05 2.15171e-05 2.96009e-05 5.11095e-05 5.81081e-05 5.86592e-05 7.48210e-05 7.70814e-05 7.57716e-05 6.56784e-05 6.42435e-05 5.38704e-05 4.49876e-05 3.45769e-05 2.87671e-05 2.08205e-05 1.54165e-05 1.17130e-05 7.92421e-06 5.77885e-06 3.63828e-06 2.29717e-06 1.40941e-06 7.91930e-07 4.25882e-07 2.23726e-07 1.10934e-07 4.25558e-08 1.33817e-08 3.58410e-09 4.26240e-10 3.06606e-11 0.00000e+00
