0.00000e+00 1.27570e+00 1.71897e+00 2.31628e+00 3.12115e+00 4.20568e+00 5.66707e+00 7.63626e+00 1.02897e+01 1.38651e+01 1.86830e+01 2.51749e+01 3.39227e+01 4.57101e+01 6.15935e+01 8.29959e+01 1.11835e+02 1.50696e+02 2.03059e+02 2.73618e+02 3.68695e+02 4.96808e+02 6.69439e+02 9.02055e+02 1.21550e+03 1.63786e+03 2.20698e+03 2.97387e+03 4.00722e+03 5.39965e+03 7.27591e+03 9.80414e+03 1.32109e+04 1.78014e+04 2.39870e+04 3.23220e+04
2.00000e+01 0.00000e+00 0.00000e+00 2.36515e-09 8.37037e-09 4.89375e-09 6.19085e-11 0.00000e+00 0.00000e+00 0.00000e+00 0.00000e+00 0.00000e+00 0.00000e+00 0.00000e+00 0.00000e+00 0.00000e+00 0.00000e+00 0.00000e+00 0.00000e+00 0.00000e+00 0.00000e+00 0.00000e+00 0.00000e+00 0.00000e+00 0.00000e+00 0.00000e+00 0.00000e+00 0.00000e+00 0.00000e+00 0.00000e+00 0.00000e+00 0.00000e+00 0.00000e+00 0.00000e+00 0.00000e+00 0.00000e+00
2.10000e+01 0.00000e+00 1.16126e-10 7.68870e-09 1.63543e-08 1.35505e-08 7.17491e-10 4.61377e-13 0.00000e+00 0.00000e+00 0.00000e+00 0.00000e+00 0.00000e+00 0.00000e+00 0.00000e+00 0.00000e+00 0.00000e+00 0.00000e+00 0.00000e+00 0.00000e+00 0.00000e+00 0.00000e+00 0.00000e+00 0.00000e+00 0.00000e+00 0.00000e+00 0.00000e+00 0.00000e+00 0.00000e+00 0.00000e+00 0.00000e+00 0.00000e+00 0.00000e+00 0.00000e+00 0.00000e+00 0.00000e+00
2.30000e+01 0.00000e+00 3.12638e-09 1.50679e-08 4.22055e-08 3.76417e-08 9.30606e-09 1.27481e-10 0.00000e+00 0.00000e+00 0.00000e+00 0.00000e+00 0.00000e+00 0.00000e+00 0.00000e+00 0.00000e+00 0.00000e+00 0.00000e+00 0.00000e+00 0.00000e+00 0.00000e+00 0.00000e+00 0.00000e+00 0.00000e+00 0.00000e+00 0.00000e+00 0.00000e+00 0.00000e+00 0.00000e+00 0.00000e+00 0.00000e+00 0.00000e+00 0.00000e+00 0.00000e+00 0.00000e+00 0.00000e+00
2.50000e+01 0.00000e+00 6.86209e-09 4.45229e-08 7.22207e-08 7.30485e-08 2.74291e-08 2.81990e-09 0.00000e+00 0.00000e+00 0.00000e+00 0.00000e+00 0.00000e+00 0.00000e+00 0.00000e+00 0.00000e+00 0.00000e+00 0.00000e+00 0.00000e+00 0.00000e+00 0.00000e+00 0.00000e+00 0.00000e+00 0.00000e+00 0.00000e+00 0.00000e+00 0.00000e+00 0.00000e+00 0.00000e+00 0.00000e+00 0.00000e+00 0.00000e+00 0.00000e+00 0.00000e+00 0.00000e+00 0.00000e+00
2.70000e+01 0.00000e+00 4.05847e-09 4.13808e-08 1.05034e-07 1.24237e-07 6.62584e-08 9.59169e-09 2.49581e-10 0.00000e+00 0.00000e+00 0.00000e+00 0.00000e+00 0.00000e+00 0.00000e+00 0.00000e+00 0.00000e+00 0.00000e+00 0.00000e+00 0.00000e+00 0.00000e+00 0.00000e+00 0.00000e+00 0.00000e+00 0.00000e+00 0.00000e+00 0.00000e+00 0.00000e+00 0.00000e+00 0.00000e+00 0.00000e+00 0.00000e+00 0.00000e+00 0.00000e+00 0.00000e+00 0.00000e+00
2.90000e+01 1.04712e-09 7.91574e-09 6.34804e-08 1.36051e-07 1.86168e-07 1.19344e-07 2.25788e-08 1.09619e-09 0.00000e+00 0.00000e+00 0.00000e+00 0.00000e+00 0.00000e+00 0.00000e+00 0.00000e+00 0.00000e+00 0.00000e+00 0.00000e+00 0.00000e+00 0.00000e+00 0.00000e+00 0.00000e+00 0.00000e+00 0.00000e+00 0.00000e+00 0.00000e+00 0.00000e+00 0.00000e+00 0.00000e+00 0.00000e+00 0.00000e+00 0.00000e+00 0.00000e+00 0.00000e+00 0.00000e+00
3.20000e+01 0.00000e+00 1.08073e-08 5.61801e-08 2.23574e-07 2.93205e-07 2.07347e-07 6.97650e-08 6.28545e-09 1.45748e-11 0.00000e+00 0.00000e+00 0.00000e+00 0.00000e+00 0.00000e+00 0.00000e+00 0.00000e+00 0.00000e+00 0.00000e+00 0.00000e+00 0.00000e+00 0.00000e+00 0.00000e+00 0.00000e+00 0.00000e+00 0.00000e+00 0.00000e+00 0.00000e+00 0.00000e+00 0.00000e+00 0.00000e+00 0.00000e+00 0.00000e+00 0.00000e+00 0.00000e+00 0.00000e+00
3.40000e+01 0.00000e+00 1.92518e-08 1.24275e-07 2.52700e-07 3.48623e-07 2.73201e-07 1.08912e-07 1.20458e-08 1.73089e-10 0.00000e+00 0.00000e+00 0.00000e+00 0.00000e+00 0.00000e+00 0.00000e+00 0.00000e+00 0.00000e+00 0.00000e+00 0.00000e+00 0.00000e+00 0.00000e+00 0.00000e+00 0.00000e+00 0.00000e+00 0.00000e+00 0.00000e+00 0.00000e+00 0.00000e+00 0.00000e+00 0.00000e+00 0.00000e+00 0.00000e+00 0.00000e+00 0.00000e+00 0.00000e+00
3.70000e+01 1.72571e-10 1.48772e-08 1.37800e-07 2.94625e-07 4.66021e-07 4.03842e-07 1.83290e-07 3.33667e-08 1.14337e-09 0.00000e+00 0.00000e+00 0.00000e+00 0.00000e+00 0.00000e+00 0.00000e+00 0.00000e+00 0.00000e+00 0.00000e+00 0.00000e+00 0.00000e+00 0.00000e+00 0.00000e+00 0.00000e+00 0.00000e+00 0.00000e+00 0.00000e+00 0.00000e+00 0.00000e+00 0.00000e+00 0.00000e+00 0.00000e+00 0.00000e+00 0.00000e+00 0.00000e+00 0.00000e+00
4.00000e+01 4.18188e-10 2.81954e-08 9.99160e-08 3.76453e-07 5.60398e-07 5.38886e-07 2.96897e-07 7.59068e-08 6.50801e-09 3.31951e-12 0.00000e+00 0.00000e+00 0.00000e+00 0.00000e+00 0.00000e+00 0.00000e+00 0.00000e+00 0.00000e+00 0.00000e+00 0.00000e+00 0.00000e+00 0.00000e+00 0.00000e+00 0.00000e+00 0.00000e+00 0.00000e+00 0.00000e+00 0.00000e+00 0.00000e+00 0.00000e+00 0.00000e+00 0.00000e+00 0.00000e+00 0.00000e+00 0.00000e+00
4.40000e+01 0.00000e+00 5.14852e-08 1.31990e-07 3.73437e-07 6.63365e-07 6.89272e-07 4.82066e-07 1.39724e-07 2.39649e-08 2.19539e-09 0.00000e+00 0.00000e+00 0.00000e+00 0.00000e+00 0.00000e+00 0.00000e+00 0.00000e+00 0.00000e+00 0.00000e+00 0.00000e+00 0.00000e+00 0.00000e+00 0.00000e+00 0.00000e+00 0.00000e+00 0.00000e+00 0.00000e+00 0.00000e+00 0.00000e+00 0.00000e+00 0.00000e+00 0.00000e+00 0.00000e+00 0.00000e+00 0.00000e+00
4.70000e+01 0.00000e+00 1.04055e-08 2.38280e-07 4.47238e-07 7.39312e-07 8.71820e-07 6.00152e-07 2.64671e-07 3.02120e-08 9.49253e-10 0.00000e+00 0.00000e+00 0.00000e+00 0.00000e+00 0.00000e+00 0.00000e+00 0.00000e+00 0.00000e+00 0.00000e+00 0.00000e+00 0.00000e+00 0.00000e+00 0.00000e+00 0.00000e+00 0.00000e+00 0.00000e+00 0.00000e+00 0.00000e+00 0.00000e+00 0.00000e+00 0.00000e+00 0.00000e+00 0.00000e+00 0.00000e+00 0.00000e+00
5.10000e+01 0.00000e+00 4.62742e-08 1.95222e-07 4.27154e-07 8.59002e-07 1.09339e-06 7.75083e-07 3.14378e-07 8.10007e-08 6.80559e-09 1.64268e-10 0.00000e+00 0.00000e+00 0.00000e+00 0.00000e+00 0.00000e+00 0.00000e+00 0.00000e+00 0.00000e+00 0.00000e+00 0.00000e+00 0.00000e+00 0.00000e+00 0.00000e+00 0.00000e+00 0.00000e+00 0.00000e+00 0.00000e+00 0.00000e+00 0.00000e+00 0.00000e+00 0.00000e+00 0.00000e+00 0.00000e+00 0.00000e+00
5.50000e+01 0.00000e+00 8.40263e-08 1.91602e-07 6.04287e-07 1.25274e-06 1.13762e-06 1.00398e-06 5.22861e-07 1.48211e-07 1.96793e-08 3.07358e-11 0.00000e+00 0.00000e+00 0.00000e+00 0.00000e+00 0.00000e+00 0.00000e+00 0.00000e+00 0.00000e+00 0.00000e+00 0.00000e+00 0.00000e+00 0.00000e+00 0.00000e+00 0.00000e+00 0.00000e+00 0.00000e+00 0.00000e+00 0.00000e+00 0.00000e+00 0.00000e+00 0.00000e+00 0.00000e+00 0.00000e+00 0.00000e+00
6.00000e+01 3.82003e-09 2.79282e-08 2.77340e-07 6.51484e-07 1.33346e-06 1.29418e-06 1.31859e-06 6.52642e-07 2.71808e-07 2.84478e-08 3.40583e-10 0.00000e+00 0.00000e+00 0.00000e+00 0.00000e+00 0.00000e+00 0.00000e+00 0.00000e+00 0.00000e+00 0.00000e+00 0.00000e+00 0.00000e+00 0.00000e+00 0.00000e+00 0.00000e+00 0.00000e+00 0.00000e+00 0.00000e+00 0.00000e+00 0.00000e+00 0.00000e+00 0.00000e+00 0.00000e+00 0.00000e+00 0.00000e+00
6.50000e+01 7.80062e-09 4.79635e-08 3.11915e-07 7.69253e-07 1.32715e-06 1.59828e-06 1.54591e-06 8.86707e-07 3.80674e-07 7.47651e-08 2.28622e-09 0.00000e+00 0.00000e+00 0.00000e+00 0.00000e+00 0.00000e+00 0.00000e+00 0.00000e+00 0.00000e+00 0.00000e+00 0.00000e+00 0.00000e+00 0.00000e+00 0.00000e+00 0.00000e+00 0.00000e+00 0.00000e+00 0.00000e+00 0.00000e+00 0.00000e+00 0.00000e+00 0.00000e+00 0.00000e+00 0.00000e+00 0.00000e+00
7.00000e+01 4.79244e-09 1.20239e-07 2.83960e-07 8.54634e-07 1.48623e-06 1.77723e-06 1.73139e-06 1.18520e-06 5.09707e-07 1.31664e-07 1.01708e-08 9.30323e-11 0.00000e+00 0.00000e+00 0.00000e+00 0.00000e+00 0.00000e+00 0.00000e+00 0.00000e+00 0.00000e+00 0.00000e+00 0.00000e+00 0.00000e+00 0.00000e+00 0.00000e+00 0.00000e+00 0.00000e+00 0.00000e+00 0.00000e+00 0.00000e+00 0.00000e+00 0.00000e+00 0.00000e+00 0.00000e+00 0.00000e+00
7.60000e+01 4.50888e-09 6.78918e-08 2.85567e-07 7.75791e-07 1.64529e-06 2.07998e-06 2.03753e-06 1.45811e-06 6.93344e-07 2.15953e-07 1.95630e-08 4.14853e-10 0.00000e+00 0.00000e+00 0.00000e+00 0.00000e+00 0.00000e+00 0.00000e+00 0.00000e+00 0.00000e+00 0.00000e+00 0.00000e+00 0.00000e+00 0.00000e+00 0.00000e+00 0.00000e+00 0.00000e+00 0.00000e+00 0.00000e+00 0.00000e+00 0.00000e+00 0.00000e+00 0.00000e+00 0.00000e+00 0.00000e+00
8.20000e+01 6.07599e-09 8.67760e-08 3.21538e-07 9.91510e-07 1.62088e-06 2.22805e-06 2.37791e-06 1.83767e-06 9.37359e-07 3.43396e-07 4.78508e-08 1.28203e-09 5.07378e-13 0.00000e+00 0.00000e+00 0.00000e+00 0.00000e+00 0.00000e+00 0.00000e+00 0.00000e+00 0.00000e+00 0.00000e+00 0.00000e+00 0.00000e+00 0.00000e+00 0.00000e+00 0.00000e+00 0.00000e+00 0.00000e+00 0.00000e+00 0.00000e+00 0.00000e+00 0.00000e+00 0.00000e+00 0.00000e+00
8.90000e+01 3.78718e-09 6.18081e-08 2.78893e-07 9.21933e-07 1.88956e-06 2.39413e-06 2.63942e-06 2.19794e-06 1.15838e-06 4.85223e-07 1.00767e-07 6.15477e-09 6.31336e-11 0.00000e+00 0.00000e+00 0.00000e+00 0.00000e+00 0.00000e+00 0.00000e+00 0.00000e+00 0.00000e+00 0.00000e+00 0.00000e+00 0.00000e+00 0.00000e+00 0.00000e+00 0.00000e+00 0.00000e+00 0.00000e+00 0.00000e+00 0.00000e+00 0.00000e+00 0.00000e+00 0.00000e+00 0.00000e+00
9.70000e+01 1.11022e-09 1.82433e-07 3.97192e-07 1.11993e-06 2.01591e-06 2.51154e-06 2.76417e-06 2.42712e-06 1.48148e-06 6.84718e-07 1.89086e-07 2.04243e-08 2.28768e-10 0.00000e+00 0.00000e+00 0.00000e+00 0.00000e+00 0.00000e+00 0.00000e+00 0.00000e+00 0.00000e+00 0.00000e+00 0.00000e+00 0.00000e+00 0.00000e+00 0.00000e+00 0.00000e+00 0.00000e+00 0.00000e+00 0.00000e+00 0.00000e+00 0.00000e+00 0.00000e+00 0.00000e+00 0.00000e+00
1.05000e+02 7.13520e-09 2.06549e-07 5.29421e-07 1.20291e-06 2.16009e-06 2.74474e-06 3.09248e-06 2.70823e-06 1.87787e-06 9.34841e-07 3.17971e-07 3.11939e-08 9.42890e-10 0.00000e+00 0.00000e+00 0.00000e+00 0.00000e+00 0.00000e+00 0.00000e+00 0.00000e+00 0.00000e+00 0.00000e+00 0.00000e+00 0.00000e+00 0.00000e+00 0.00000e+00 0.00000e+00 0.00000e+00 0.00000e+00 0.00000e+00 0.00000e+00 0.00000e+00 0.00000e+00 0.00000e+00 0.00000e+00
1.13000e+02 9.48588e-09 4.24711e-08 3.75908e-07 1.33413e-06 2.26086e-06 3.14741e-06 3.48078e-06 3.11462e-06 2.18106e-06 1.09023e-06 3.91913e-07 6.18661e-08 1.19358e-08 7.62835e-11 0.00000e+00 0.00000e+00 0.00000e+00 0.00000e+00 0.00000e+00 0.00000e+00 0.00000e+00 0.00000e+00 0.00000e+00 0.00000e+00 0.00000e+00 0.00000e+00 0.00000e+00 0.00000e+00 0.00000e+00 0.00000e+00 0.00000e+00 0.00000e+00 0.00000e+00 0.00000e+00 0.00000e+00
1.23000e+02 0.00000e+00 7.77365e-08 5.55451e-07 1.40052e-06 2.56870e-06 3.40020e-06 4.02977e-06 3.48961e-06 2.41935e-06 1.47054e-06 5.70351e-07 1.25885e-07 1.25552e-08 9.18713e-11 0.00000e+00 0.00000e+00 0.00000e+00 0.00000e+00 0.00000e+00 0.00000e+00 0.00000e+00 0.00000e+00 0.00000e+00 0.00000e+00 0.00000e+00 0.00000e+00 0.00000e+00 0.00000e+00 0.00000e+00 0.00000e+00 0.00000e+00 0.00000e+00 0.00000e+00 0.00000e+00 0.00000e+00
1.33000e+02 2.27298e-08 1.56423e-07 3.79036e-07 1.19961e-06 2.59924e-06 3.29576e-06 4.11993e-06 3.74497e-06 2.71097e-06 1.70823e-06 7.87645e-07 1.88048e-07 3.20878e-08 2.46568e-10 0.00000e+00 0.00000e+00 0.00000e+00 0.00000e+00 0.00000e+00 0.00000e+00 0.00000e+00 0.00000e+00 0.00000e+00 0.00000e+00 0.00000e+00 0.00000e+00 0.00000e+00 0.00000e+00 0.00000e+00 0.00000e+00 0.00000e+00 0.00000e+00 0.00000e+00 0.00000e+00 0.00000e+00
1.44000e+02 2.02988e-08 4.89877e-08 5.00999e-07 1.61212e-06 2.42044e-06 3.72396e-06 4.55077e-06 4.01733e-06 3.12350e-06 1.99607e-06 1.01538e-06 3.87164e-07 4.97849e-08 4.36499e-09 0.00000e+00 0.00000e+00 0.00000e+00 0.00000e+00 0.00000e+00 0.00000e+00 0.00000e+00 0.00000e+00 0.00000e+00 0.00000e+00 0.00000e+00 0.00000e+00 0.00000e+00 0.00000e+00 0.00000e+00 0.00000e+00 0.00000e+00 0.00000e+00 0.00000e+00 0.00000e+00 0.00000e+00
1.56000e+02 4.08015e-09 2.39124e-07 6.08136e-07 1.31743e-06 2.78446e-06 3.64479e-06 4.82073e-06 4.33738e-06 3.58594e-06 2.45950e-06 1.14970e-06 4.28316e-07 9.42169e-08 4.66285e-09 3.64089e-11 0.00000e+00 0.00000e+00 0.00000e+00 0.00000e+00 0.00000e+00 0.00000e+00 0.00000e+00 0.00000e+00 0.00000e+00 0.00000e+00 0.00000e+00 0.00000e+00 0.00000e+00 0.00000e+00 0.00000e+00 0.00000e+00 0.00000e+00 0.00000e+00 0.00000e+00 0.00000e+00
1.68000e+02 0.00000e+00 8.29732e-08 4.09481e-07 1.70841e-06 3.03234e-06 4.11839e-06 4.65781e-06 5.10955e-06 3.86844e-06 2.83117e-06 1.42320e-06 5.94046e-07 1.34012e-07 9.55468e-09 2.06653e-10 0.00000e+00 0.00000e+00 0.00000e+00 0.00000e+00 0.00000e+00 0.00000e+00 0.00000e+00 0.00000e+00 0.00000e+00 0.00000e+00 0.00000e+00 0.00000e+00 0.00000e+00 0.00000e+00 0.00000e+00 0.00000e+00 0.00000e+00 0.00000e+00 0.00000e+00 0.00000e+00
1.82000e+02 2.17641e-08 9.61960e-08 5.42881e-07 1.52168e-06 3.49176e-06 4.14600e-06 5.18363e-06 5.05623e-06 4.37045e-06 2.90715e-06 1.81910e-06 7.38843e-07 2.17702e-07 3.05971e-08 3.28762e-10 6.33877e-11 0.00000e+00 0.00000e+00 0.00000e+00 0.00000e+00 0.00000e+00 0.00000e+00 0.00000e+00 0.00000e+00 0.00000e+00 0.00000e+00 0.00000e+00 0.00000e+00 0.00000e+00 0.00000e+00 0.00000e+00 0.00000e+00 0.00000e+00 0.00000e+00 0.00000e+00
1.97000e+02 4.51252e-08 2.27254e-07 8.31415e-07 1.95380e-06 2.96207e-06 4.54549e-06 5.37693e-06 5.65210e-06 4.93966e-06 3.37920e-06 2.01329e-06 9.58145e-07 3.16005e-07 7.02985e-08 1.91875e-09 7.23576e-11 0.00000e+00 0.00000e+00 0.00000e+00 0.00000e+00 0.00000e+00 0.00000e+00 0.00000e+00 0.00000e+00 0.00000e+00 0.00000e+00 0.00000e+00 0.00000e+00 0.00000e+00 0.00000e+00 0.00000e+00 0.00000e+00 0.00000e+00 0.00000e+00 0.00000e+00
2.14000e+02 3.93146e-08 7.37942e-08 6.56952e-07 1.30408e-06 3.17281e-06 4.22563e-06 5.64848e-06 6.00167e-06 5.36883e-06 3.63333e-06 2.40877e-06 1.24608e-06 3.88902e-07 1.24779e-07 7.28839e-09 1.36648e-10 0.00000e+00 0.00000e+00 0.00000e+00 0.00000e+00 0.00000e+00 0.00000e+00 0.00000e+00 0.00000e+00 0.00000e+00 0.00000e+00 0.00000e+00 0.00000e+00 0.00000e+00 0.00000e+00 0.00000e+00 0.00000e+00 0.00000e+00 0.00000e+00 0.00000e+00
2.31000e+02 7.45451e-09 1.85340e-07 4.29421e-07 2.16370e-06 3.02670e-06 4.57499e-06 5.86332e-06 5.79710e-06 5.65218e-06 4.24195e-06 2.47390e-06 1.35028e-06 5.85567e-07 1.32611e-07 2.43194e-08 7.17349e-10 0.00000e+00 0.00000e+00 0.00000e+00 0.00000e+00 0.00000e+00 0.00000e+00 0.00000e+00 0.00000e+00 0.00000e+00 0.00000e+00 0.00000e+00 0.00000e+00 0.00000e+00 0.00000e+00 0.00000e+00 0.00000e+00 0.00000e+00 0.00000e+00 0.00000e+00
2.50000e+02 1.01245e-08 1.15522e-07 7.68098e-07 2.43248e-06 3.18970e-06 4.94971e-06 6.20529e-06 6.23059e-06 5.73567e-06 4.53030e-06 2.93658e-06 1.61794e-06 7.17980e-07 1.76608e-07 2.72513e-08 1.28873e-09 0.00000e+00 0.00000e+00 0.00000e+00 0.00000e+00 0.00000e+00 0.00000e+00 0.00000e+00 0.00000e+00 0.00000e+00 0.00000e+00 0.00000e+00 0.00000e+00 0.00000e+00 0.00000e+00 0.00000e+00 0.00000e+00 0.00000e+00 0.00000e+00 0.00000e+00
2.71000e+02 2.23034e-08 1.68449e-07 5.90264e-07 1.35201e-06 3.66041e-06 5.04791e-06 6.27945e-06 7.00796e-06 6.81018e-06 5.22042e-06 3.28655e-06 2.03147e-06 8.68228e-07 3.03728e-07 6.80693e-08 3.61162e-09 3.91134e-11 0.00000e+00 0.00000e+00 0.00000e+00 0.00000e+00 0.00000e+00 0.00000e+00 0.00000e+00 0.00000e+00 0.00000e+00 0.00000e+00 0.00000e+00 0.00000e+00 0.00000e+00 0.00000e+00 0.00000e+00 0.00000e+00 0.00000e+00 0.00000e+00
2.93000e+02 1.39152e-08 3.36738e-07 6.59823e-07 2.49385e-06 3.96637e-06 5.42959e-06 6.40110e-06 8.07544e-06 6.73875e-06 5.30234e-06 3.98201e-06 2.12561e-06 9.88610e-07 4.57255e-07 9.58126e-08 9.38469e-09 7.22670e-11 0.00000e+00 0.00000e+00 0.00000e+00 0.00000e+00 0.00000e+00 0.00000e+00 0.00000e+00 0.00000e+00 0.00000e+00 0.00000e+00 0.00000e+00 0.00000e+00 0.00000e+00 0.00000e+00 0.00000e+00 0.00000e+00 0.00000e+00 0.00000e+00
3.17000e+02 4.41343e-08 2.75712e-07 6.67002e-07 2.75350e-06 3.60527e-06 5.62486e-06 6.75347e-06 7.28660e-06 6.93681e-06 5.99701e-06 4.31048e-06 2.45788e-06 1.28500e-06 5.41907e-07 1.18907e-07 1.61443e-08 4.30443e-10 0.00000e+00 0.00000e+00 0.00000e+00 0.00000e+00 0.00000e+00 0.00000e+00 0.00000e+00 0.00000e+00 0.00000e+00 0.00000e+00 0.00000e+00 0.00000e+00 0.00000e+00 0.00000e+00 0.00000e+00 0.00000e+00 0.00000e+00 0.00000e+00
3.44000e+02 5.79188e-07 2.14541e-07 5.91095e-07 2.11416e-06 4.53962e-06 5.43464e-06 7.43297e-06 7.78554e-06 6.89179e-06 6.70587e-06 4.34912e-06 2.98123e-06 1.44748e-06 5.95124e-07 1.77686e-07 2.98248e-08 1.22451e-09 0.00000e+00 0.00000e+00 0.00000e+00 0.00000e+00 0.00000e+00 0.00000e+00 0.00000e+00 0.00000e+00 0.00000e+00 0.00000e+00 0.00000e+00 0.00000e+00 0.00000e+00 0.00000e+00 0.00000e+00 0.00000e+00 0.00000e+00 0.00000e+00
3.72000e+02 3.38207e-07 1.70809e-07 1.17943e-06 2.23564e-06 5.08057e-06 5.71219e-06 7.72711e-06 7.75678e-06 7.98186e-06 6.44654e-06 4.92485e-06 3.29816e-06 1.81614e-06 8.38372e-07 2.29973e-07 5.41993e-08 6.54165e-09 5.29822e-12 0.00000e+00 0.00000e+00 0.00000e+00 0.00000e+00 0.00000e+00 0.00000e+00 0.00000e+00 0.00000e+00 0.00000e+00 0.00000e+00 0.00000e+00 0.00000e+00 0.00000e+00 0.00000e+00 0.00000e+00 0.00000e+00 0.00000e+00
4.02000e+02 1.45098e-08 1.96034e-07 1.15671e-06 1.62488e-06 4.15063e-06 6.96316e-06 7.29584e-06 8.58287e-06 7.93325e-06 6.78194e-06 5.23890e-06 3.54706e-06 2.13459e-06 1.02291e-06 3.19012e-07 9.31052e-08 9.65755e-09 1.86040e-10 0.00000e+00 0.00000e+00 0.00000e+00 0.00000e+00 0.00000e+00 0.00000e+00 0.00000e+00 0.00000e+00 0.00000e+00 0.00000e+00 0.00000e+00 0.00000e+00 0.00000e+00 0.00000e+00 0.00000e+00 0.00000e+00 0.00000e+00
4.36000e+02 2.79479e-07 1.75481e-07 1.18398e-06 2.44840e-06 4.13602e-06 6.23794e-06 7.93333e-06 8.36541e-06 8.92013e-06 7.72909e-06 5.73415e-06 3.83163e-06 2.12679e-06 1.19347e-06 4.92000e-07 1.29919e-07 1.32099e-08 4.27545e-09 0.00000e+00 0.00000e+00 0.00000e+00 0.00000e+00 0.00000e+00 0.00000e+00 0.00000e+00 0.00000e+00 0.00000e+00 0.00000e+00 0.00000e+00 0.00000e+00 0.00000e+00 0.00000e+00 0.00000e+00 0.00000e+00 0.00000e+00
4.71000e+02 1.44402e-07 3.03944e-07 1.07499e-06 1.91798e-06 4.10551e-06 6.08458e-06 8.12461e-06 9.17385e-06 8.90670e-06 7.59421e-06 6.15924e-06 4.46486e-06 2.70300e-06 1.29357e-06 5.94513e-07 1.57848e-07 3.68893e-08 1.33370e-09 8.18508e-12 0.00000e+00 0.00000e+00 0.00000e+00 0.00000e+00 0.00000e+00 0.00000e+00 0.00000e+00 0.00000e+00 0.00000e+00 0.00000e+00 0.00000e+00 0.00000e+00 0.00000e+00 0.00000e+00 0.00000e+00 0.00000e+00
5.10000e+02 7.64737e-09 9.96843e-07 6.70725e-07 3.24743e-06 4.44205e-06 6.75537e-06 7.96470e-06 9.56136e-06 9.63327e-06 8.44294e-06 6.55240e-06 4.75494e-06 2.93517e-06 1.53261e-06 7.30338e-07 2.49018e-07 4.33915e-08 3.25726e-09 5.47506e-11 0.00000e+00 0.00000e+00 0.00000e+00 0.00000e+00 0.00000e+00 0.00000e+00 0.00000e+00 0.00000e+00 0.00000e+00 0.00000e+00 0.00000e+00 0.00000e+00 0.00000e+00 0.00000e+00 0.00000e+00 0.00000e+00
5.52000e+02 1.96087e-08 1.82489e-07 8.57530e-07 2.26581e-06 4.65406e-06 7.87228e-06 7.75194e-06 9.55086e-06 9.15551e-06 8.51816e-06 6.93030e-06 4.95843e-06 3.15908e-06 1.74694e-06 8.45883e-07 3.14618e-07 9.25583e-08 1.38225e-08 3.89556e-10 0.00000e+00 0.00000e+00 0.00000e+00 0.00000e+00 0.00000e+00 0.00000e+00 0.00000e+00 0.00000e+00 0.00000e+00 0.00000e+00 0.00000e+00 0.00000e+00 0.00000e+00 0.00000e+00 0.00000e+00 0.00000e+00
5.98000e+02 8.91845e-08 4.54219e-07 1.08481e-06 3.02508e-06 4.88990e-06 6.46368e-06 1.03195e-05 9.68684e-06 9.00410e-06 8.96330e-06 7.21065e-06 5.45374e-06 3.51609e-06 1.95599e-06 1.00195e-06 4.29202e-07 1.14458e-07 1.59155e-08 7.11526e-10 4.15817e-12 0.00000e+00 0.00000e+00 0.00000e+00 0.00000e+00 0.00000e+00 0.00000e+00 0.00000e+00 0.00000e+00 0.00000e+00 0.00000e+00 0.00000e+00 0.00000e+00 0.00000e+00 0.00000e+00 0.00000e+00
6.47000e+02 9.86020e-08 1.56166e-07 1.30573e-06 2.47113e-06 4.48831e-06 8.22131e-06 8.50380e-06 9.61963e-06 1.06518e-05 9.41054e-06 7.66253e-06 5.82094e-06 3.85646e-06 2.14604e-06 1.21096e-06 5.10739e-07 1.80862e-07 2.09190e-08 2.55957e-09 3.00357e-11 0.00000e+00 0.00000e+00 0.00000e+00 0.00000e+00 0.00000e+00 0.00000e+00 0.00000e+00 0.00000e+00 0.00000e+00 0.00000e+00 0.00000e+00 0.00000e+00 0.00000e+00 0.00000e+00 0.00000e+00
7.00000e+02 1.56139e-08 8.17754e-07 1.17942e-06 1.99407e-06 5.10210e-06 7.35643e-06 1.03647e-05 1.01474e-05 1.06463e-05 1.02377e-05 7.75984e-06 6.38940e-06 4.10936e-06 2.41687e-06 1.34192e-06 6.40991e-07 2.15630e-07 3.56164e-08 7.28837e-09 4.26347e-11 0.00000e+00 0.00000e+00 0.00000e+00 0.00000e+00 0.00000e+00 0.00000e+00 0.00000e+00 0.00000e+00 0.00000e+00 0.00000e+00 0.00000e+00 0.00000e+00 0.00000e+00 0.00000e+00 0.00000e+00
7.58000e+02 1.99629e-08 5.38700e-07 1.03832e-06 3.81743e-06 5.57759e-06 7.70995e-06 1.02150e-05 1.03252e-05 1.06715e-05 1.05204e-05 8.57438e-06 6.43322e-06 4.22082e-06 2.50622e-06 1.58715e-06 7.81939e-07 3.42665e-07 7.76517e-08 1.07621e-08 3.17519e-10 0.00000e+00 0.00000e+00 0.00000e+00 0.00000e+00 0.00000e+00 0.00000e+00 0.00000e+00 0.00000e+00 0.00000e+00 0.00000e+00 0.00000e+00 0.00000e+00 0.00000e+00 0.00000e+00 0.00000e+00
8.20000e+02 2.39041e-08 1.56175e-07 8.06931e-07 3.16006e-06 4.62911e-06 7.74715e-06 9.60176e-06 1.13797e-05 1.13521e-05 1.00732e-05 8.79007e-06 7.17759e-06 4.79061e-06 3.02906e-06 1.70989e-06 8.26132e-07 4.06320e-07 1.01381e-07 1.93896e-08 6.37164e-10 5.44785e-12 0.00000e+00 0.00000e+00 0.00000e+00 0.00000e+00 0.00000e+00 0.00000e+00 0.00000e+00 0.00000e+00 0.00000e+00 0.00000e+00 0.00000e+00 0.00000e+00 0.00000e+00 0.00000e+00
8.88000e+02 3.92069e-08 1.63630e-07 1.28064e-06 2.98436e-06 4.91316e-06 7.42014e-06 9.85622e-06 1.07027e-05 1.10918e-05 1.02962e-05 9.11066e-06 7.49688e-06 5.21521e-06 3.36716e-06 1.94349e-06 9.40439e-07 3.89191e-07 1.60847e-07 3.52521e-08 4.58303e-09 2.27160e-10 0.00000e+00 0.00000e+00 0.00000e+00 0.00000e+00 0.00000e+00 0.00000e+00 0.00000e+00 0.00000e+00 0.00000e+00 0.00000e+00 0.00000e+00 0.00000e+00 0.00000e+00 0.00000e+00
9.61000e+02 1.03863e-07 1.90899e-07 7.74121e-07 2.85707e-06 4.97774e-06 8.01401e-06 9.88012e-06 1.19570e-05 1.23647e-05 1.17632e-05 9.71914e-06 7.58212e-06 5.34161e-06 3.58906e-06 2.22595e-06 1.19865e-06 4.69752e-07 1.90874e-07 3.84939e-08 6.33151e-09 5.70452e-11 0.00000e+00 0.00000e+00 0.00000e+00 0.00000e+00 0.00000e+00 0.00000e+00 0.00000e+00 0.00000e+00 0.00000e+00 0.00000e+00 0.00000e+00 0.00000e+00 0.00000e+00 0.00000e+00
1.04000e+03 1.11951e-07 5.32773e-07 1.02549e-06 3.51730e-06 5.22950e-06 8.77886e-06 9.72662e-06 1.16133e-05 1.18945e-05 1.19933e-05 9.80247e-06 7.74507e-06 5.79055e-06 3.73185e-06 2.43670e-06 1.33049e-06 6.38674e-07 2.38439e-07 6.48912e-08 6.83004e-09 2.37477e-10 0.00000e+00 0.00000e+00 0.00000e+00 0.00000e+00 0.00000e+00 0.00000e+00 0.00000e+00 0.00000e+00 0.00000e+00 0.00000e+00 0.00000e+00 0.00000e+00 0.00000e+00 0.00000e+00
1.12500e+03 8.64870e-09 3.68419e-07 9.64493e-07 2.74450e-06 6.73624e-06 7.80968e-06 1.00050e-05 1.21754e-05 1.18054e-05 1.13651e-05 1.02884e-05 8.22102e-06 6.16913e-06 4.04258e-06 2.60227e-06 1.40871e-06 6.99639e-07 3.09869e-07 9.00553e-08 1.83896e-08 1.10047e-09 5.11442e-11 0.00000e+00 0.00000e+00 0.00000e+00 0.00000e+00 0.00000e+00 0.00000e+00 0.00000e+00 0.00000e+00 0.00000e+00 0.00000e+00 0.00000e+00 0.00000e+00 0.00000e+00
1.21800e+03 2.60514e-08 2.03398e-07 1.51082e-06 2.48354e-06 4.91315e-06 8.16079e-06 1.05763e-05 1.22029e-05 1.22460e-05 1.19595e-05 1.07799e-05 9.23870e-06 6.38808e-06 4.45989e-06 2.74301e-06 1.57592e-06 7.89459e-07 3.46627e-07 1.17274e-07 2.22023e-08 2.21847e-09 1.16883e-10 0.00000e+00 0.00000e+00 0.00000e+00 0.00000e+00 0.00000e+00 0.00000e+00 0.00000e+00 0.00000e+00 0.00000e+00 0.00000e+00 0.00000e+00 0.00000e+00 0.00000e+00
1.31800e+03 3.19701e-08 1.30184e-06 1.26058e-06 2.75380e-06 6.39184e-06 8.15812e-06 1.07279e-05 1.21847e-05 1.27116e-05 1.26659e-05 1.10019e-05 9.42379e-06 6.92276e-06 4.74359e-06 2.90552e-06 1.78672e-06 9.22834e-07 4.27886e-07 1.59538e-07 3.65772e-08 5.54455e-09 2.59128e-11 0.00000e+00 0.00000e+00 0.00000e+00 0.00000e+00 0.00000e+00 0.00000e+00 0.00000e+00 0.00000e+00 0.00000e+00 0.00000e+00 0.00000e+00 0.00000e+00 0.00000e+00
1.42700e+03 4.35904e-08 3.11197e-07 1.96076e-06 3.48664e-06 6.00850e-06 9.88404e-06 1.10228e-05 1.24859e-05 1.39880e-05 1.20412e-05 1.15644e-05 9.40486e-06 6.98430e-06 5.05130e-06 3.12680e-06 1.91291e-06 1.04879e-06 4.84281e-07 2.15102e-07 5.27983e-08 1.22260e-08 2.93486e-10 0.00000e+00 0.00000e+00 0.00000e+00 0.00000e+00 0.00000e+00 0.00000e+00 0.00000e+00 0.00000e+00 0.00000e+00 0.00000e+00 0.00000e+00 0.00000e+00 0.00000e+00
1.54400e+03 1.77965e-08 1.71632e-07 1.72949e-06 3.93637e-06 5.59340e-06 9.41971e-06 1.16238e-05 1.39691e-05 1.33681e-05 1.19689e-05 1.18769e-05 1.00290e-05 7.76157e-06 5.12221e-06 3.50203e-06 2.02793e-06 1.20209e-06 5.93104e-07 2.63385e-07 7.08203e-08 1.36158e-08 6.13552e-10 3.70784e-12 0.00000e+00 0.00000e+00 0.00000e+00 0.00000e+00 0.00000e+00 0.00000e+00 0.00000e+00 0.00000e+00 0.00000e+00 0.00000e+00 0.00000e+00 0.00000e+00
1.67100e+03 3.35148e-08 2.08049e-07 2.12335e-06 3.40788e-06 6.93317e-06 8.74402e-06 1.14727e-05 1.36228e-05 1.37336e-05 1.23358e-05 1.21425e-05 1.03385e-05 7.77037e-06 5.90617e-06 3.56780e-06 2.22588e-06 1.18604e-06 6.59993e-07 3.22093e-07 9.86328e-08 2.26199e-08 4.22297e-09 5.45229e-11 0.00000e+00 0.00000e+00 0.00000e+00 0.00000e+00 0.00000e+00 0.00000e+00 0.00000e+00 0.00000e+00 0.00000e+00 0.00000e+00 0.00000e+00 0.00000e+00
1.80800e+03 1.40912e-08 2.46718e-07 9.58223e-07 2.95754e-06 6.58391e-06 1.00345e-05 1.09181e-05 1.37388e-05 1.40322e-05 1.41100e-05 1.20553e-05 1.03287e-05 7.53004e-06 6.02634e-06 4.00922e-06 2.49420e-06 1.45763e-06 7.51898e-07 3.35751e-07 1.21263e-07 3.27038e-08 6.46622e-09 7.79675e-11 0.00000e+00 0.00000e+00 0.00000e+00 0.00000e+00 0.00000e+00 0.00000e+00 0.00000e+00 0.00000e+00 0.00000e+00 0.00000e+00 0.00000e+00 0.00000e+00
1.95700e+03 7.12618e-08 6.24667e-07 9.70371e-07 3.08146e-06 6.66192e-06 9.01072e-06 1.25442e-05 1.29358e-05 1.44148e-05 1.48210e-05 1.33137e-05 1.09299e-05 8.77825e-06 6.40989e-06 4.21288e-06 2.67723e-06 1.49772e-06 8.06863e-07 4.50357e-07 1.52918e-07 4.18601e-08 6.12140e-09 9.96901e-10 4.34978e-12 0.00000e+00 0.00000e+00 0.00000e+00 0.00000e+00 0.00000e+00 0.00000e+00 0.00000e+00 0.00000e+00 0.00000e+00 0.00000e+00 0.00000e+00
2.11800e+03 4.36253e-08 4.67358e-07 1.12262e-06 2.99403e-06 7.81730e-06 9.83071e-06 1.24825e-05 1.43856e-05 1.40405e-05 1.39536e-05 1.28096e-05 1.09646e-05 8.56086e-06 6.85312e-06 4.27067e-06 2.96458e-06 1.74877e-06 8.73324e-07 4.39845e-07 2.13341e-07 6.84116e-08 1.20969e-08 1.28678e-09 3.83640e-11 0.00000e+00 0.00000e+00 0.00000e+00 0.00000e+00 0.00000e+00 0.00000e+00 0.00000e+00 0.00000e+00 0.00000e+00 0.00000e+00 0.00000e+00
2.29200e+03 3.43639e-08 7.48648e-07 1.32404e-06 3.75883e-06 7.09397e-06 9.65418e-06 1.09727e-05 1.35303e-05 1.44887e-05 1.40408e-05 1.35488e-05 1.16885e-05 9.39948e-06 6.37938e-06 4.86873e-06 3.07400e-06 1.88705e-06 1.09229e-06 4.99025e-07 2.49980e-07 9.06166e-08 2.02046e-08 2.10277e-09 4.50660e-11 0.00000e+00 0.00000e+00 0.00000e+00 0.00000e+00 0.00000e+00 0.00000e+00 0.00000e+00 0.00000e+00 0.00000e+00 0.00000e+00 0.00000e+00
2.48100e+03 1.08742e-06 1.94000e-07 9.33906e-07 3.77613e-06 6.02173e-06 1.08674e-05 1.18345e-05 1.35891e-05 1.56686e-05 1.42098e-05 1.41134e-05 1.25853e-05 9.61316e-06 7.20407e-06 4.99624e-06 2.98522e-06 2.18284e-06 1.23098e-06 5.66964e-07 2.90763e-07 1.19799e-07 3.03584e-08 3.38766e-09 8.64721e-11 0.00000e+00 0.00000e+00 0.00000e+00 0.00000e+00 0.00000e+00 0.00000e+00 0.00000e+00 0.00000e+00 0.00000e+00 0.00000e+00 0.00000e+00
2.68500e+03 9.12038e-08 4.86323e-07 1.09994e-06 4.08866e-06 4.62410e-06 8.37669e-06 1.21080e-05 1.43004e-05 1.46043e-05 1.51289e-05 1.37763e-05 1.18909e-05 1.05025e-05 7.34425e-06 5.40901e-06 3.65605e-06 2.16193e-06 1.34760e-06 6.60642e-07 3.29590e-07 1.48944e-07 4.40385e-08 5.64043e-09 3.94218e-10 1.79997e-12 0.00000e+00 0.00000e+00 0.00000e+00 0.00000e+00 0.00000e+00 0.00000e+00 0.00000e+00 0.00000e+00 0.00000e+00 0.00000e+00
2.90600e+03 3.16925e-08 7.17472e-07 2.19540e-06 4.94286e-06 8.31720e-06 1.02218e-05 1.46859e-05 1.51143e-05 1.66714e-05 1.52153e-05 1.46459e-05 1.24708e-05 1.01531e-05 7.92344e-06 5.67904e-06 3.96381e-06 2.56158e-06 1.47306e-06 7.82644e-07 3.80361e-07 1.83130e-07 5.48686e-08 8.45314e-09 8.10909e-10 6.83914e-12 0.00000e+00 0.00000e+00 0.00000e+00 0.00000e+00 0.00000e+00 0.00000e+00 0.00000e+00 0.00000e+00 0.00000e+00 0.00000e+00
3.14500e+03 3.11236e-08 4.79294e-07 1.43256e-06 3.20638e-06 7.69953e-06 1.05024e-05 1.33818e-05 1.46009e-05 1.62126e-05 1.58158e-05 1.41033e-05 1.16438e-05 1.07448e-05 8.57770e-06 5.90810e-06 4.14998e-06 2.69750e-06 1.62766e-06 8.93245e-07 4.47051e-07 1.95109e-07 7.15330e-08 1.83156e-08 2.94494e-09 8.54271e-11 0.00000e+00 0.00000e+00 0.00000e+00 0.00000e+00 0.00000e+00 0.00000e+00 0.00000e+00 0.00000e+00 0.00000e+00 0.00000e+00
3.40400e+03 7.73460e-08 9.73027e-07 1.97269e-06 3.36881e-06 6.08728e-06 9.70522e-06 1.21887e-05 1.32225e-05 1.59675e-05 1.64853e-05 1.47570e-05 1.23448e-05 1.05899e-05 8.79877e-06 6.10918e-06 4.44684e-06 2.73184e-06 1.65935e-06 1.00187e-06 5.05275e-07 2.20345e-07 9.55024e-08 3.24412e-08 2.82657e-09 2.49803e-10 0.00000e+00 0.00000e+00 0.00000e+00 0.00000e+00 0.00000e+00 0.00000e+00 0.00000e+00 0.00000e+00 0.00000e+00 0.00000e+00
3.68400e+03 6.53491e-08 1.28047e-06 1.64545e-06 3.53673e-06 5.93531e-06 9.39540e-06 1.43417e-05 1.52107e-05 1.65914e-05 1.53272e-05 1.44436e-05 1.28701e-05 1.13726e-05 9.24791e-06 6.42038e-06 4.40533e-06 2.99680e-06 1.95498e-06 1.06498e-06 5.44788e-07 2.83546e-07 1.17555e-07 3.96985e-08 6.48670e-09 4.27658e-10 0.00000e+00 0.00000e+00 0.00000e+00 0.00000e+00 0.00000e+00 0.00000e+00 0.00000e+00 0.00000e+00 0.00000e+00 0.00000e+00
3.98600e+03 1.00031e-07 3.60037e-07 1.85046e-06 3.10512e-06 8.18908e-06 9.47187e-06 1.29903e-05 1.68586e-05 1.63512e-05 1.65437e-05 1.53047e-05 1.33771e-05 1.08355e-05 9.35407e-06 6.97818e-06 4.87676e-06 3.06887e-06 1.88895e-06 1.15909e-06 6.18546e-07 3.05207e-07 1.32010e-07 4.23099e-08 8.12842e-09 9.93676e-10 3.07275e-11 0.00000e+00 0.00000e+00 0.00000e+00 0.00000e+00 0.00000e+00 0.00000e+00 0.00000e+00 0.00000e+00 0.00000e+00
4.31400e+03 1.22702e-07 1.09939e-06 2.24875e-06 3.09844e-06 7.42697e-06 1.04403e-05 1.34634e-05 1.55059e-05 1.57957e-05 1.67592e-05 1.53287e-05 1.31151e-05 1.22406e-05 9.68080e-06 7.02503e-06 5.16990e-06 3.35206e-06 2.14006e-06 1.27362e-06 6.95521e-07 3.40964e-07 1.59260e-07 5.85418e-08 1.81181e-08 2.51592e-09 3.82274e-11 0.00000e+00 0.00000e+00 0.00000e+00 0.00000e+00 0.00000e+00 0.00000e+00 0.00000e+00 0.00000e+00 0.00000e+00
4.66900e+03 1.28536e-07 4.73099e-07 1.46398e-06 4.12466e-06 5.94865e-06 1.04187e-05 1.35772e-05 1.61468e-05 1.79317e-05 1.71564e-05 1.56176e-05 1.43743e-05 1.18130e-05 9.99394e-06 7.62011e-06 5.29999e-06 3.84521e-06 2.35081e-06 1.50184e-06 7.29772e-07 4.39472e-07 2.01780e-07 7.15376e-08 1.76950e-08 3.44476e-09 7.99140e-11 0.00000e+00 0.00000e+00 0.00000e+00 0.00000e+00 0.00000e+00 0.00000e+00 0.00000e+00 0.00000e+00 0.00000e+00
5.05300e+03 1.65883e-07 1.66692e-07 1.82045e-06 3.47286e-06 7.10597e-06 1.12284e-05 1.34698e-05 1.72039e-05 1.67016e-05 1.73452e-05 1.66249e-05 1.42446e-05 1.33850e-05 1.00339e-05 7.97626e-06 5.87096e-06 3.72466e-06 2.50495e-06 1.54677e-06 8.69189e-07 4.56360e-07 2.09814e-07 8.27796e-08 2.53259e-08 4.87053e-09 2.16796e-09 3.33203e-13 0.00000e+00 0.00000e+00 0.00000e+00 0.00000e+00 0.00000e+00 0.00000e+00 0.00000e+00 0.00000e+00
5.46900e+03 6.95791e-08 4.28108e-07 1.81536e-06 3.61844e-06 6.30443e-06 1.14629e-05 1.45084e-05 1.68323e-05 1.86233e-05 1.65612e-05 1.63545e-05 1.50338e-05 1.29431e-05 1.05068e-05 8.50062e-06 5.71658e-06 3.94011e-06 2.52188e-06 1.62141e-06 9.66669e-07 5.44741e-07 2.36059e-07 1.16438e-07 3.85953e-08 9.74815e-09 6.51490e-10 2.06498e-11 0.00000e+00 0.00000e+00 0.00000e+00 0.00000e+00 0.00000e+00 0.00000e+00 0.00000e+00 0.00000e+00
5.91900e+03 3.52311e-07 3.08315e-07 1.76966e-06 4.52464e-06 6.11839e-06 1.22206e-05 1.55403e-05 1.58508e-05 1.75582e-05 1.65017e-05 1.61491e-05 1.45226e-05 1.26828e-05 1.08187e-05 8.42452e-06 6.01685e-06 4.18186e-06 2.79069e-06 1.73473e-06 1.07696e-06 6.06383e-07 2.85286e-07 1.27884e-07 4.66431e-08 1.47461e-08 1.29995e-09 6.85079e-11 0.00000e+00 0.00000e+00 0.00000e+00 0.00000e+00 0.00000e+00 0.00000e+00 0.00000e+00 0.00000e+00
6.40500e+03 1.63117e-07 3.09983e-07 2.10388e-06 3.47233e-06 8.87527e-06 1.00807e-05 1.47178e-05 1.55824e-05 1.77851e-05 1.80425e-05 1.74286e-05 1.56560e-05 1.37263e-05 1.06142e-05 8.85162e-06 6.37607e-06 4.60084e-06 2.98047e-06 1.86153e-06 1.05394e-06 6.21105e-07 3.36858e-07 1.54005e-07 6.07676e-08 1.94009e-08 4.48920e-09 1.46913e-10 2.01863e-13 0.00000e+00 0.00000e+00 0.00000e+00 0.00000e+00 0.00000e+00 0.00000e+00 0.00000e+00
6.93200e+03 6.87438e-08 8.82243e-07 1.71238e-06 4.10474e-06 9.58616e-06 1.00824e-05 1.49251e-05 1.69375e-05 1.77916e-05 1.92337e-05 1.81444e-05 1.58104e-05 1.32704e-05 1.09999e-05 8.49330e-06 6.47383e-06 4.40786e-06 3.04786e-06 2.05375e-06 1.22343e-06 6.86382e-07 3.64890e-07 1.72764e-07 7.10439e-08 2.16998e-08 4.63960e-09 2.69547e-10 1.04170e-11 0.00000e+00 0.00000e+00 0.00000e+00 0.00000e+00 0.00000e+00 0.00000e+00 0.00000e+00
7.50200e+03 8.98729e-08 3.51050e-07 2.40379e-06 4.64339e-06 8.35517e-06 1.20721e-05 1.41839e-05 1.66961e-05 1.81136e-05 1.79411e-05 1.72621e-05 1.56403e-05 1.37888e-05 1.20506e-05 9.05335e-06 7.11524e-06 4.90254e-06 3.43468e-06 2.13375e-06 1.28075e-06 7.71125e-07 3.87453e-07 2.09738e-07 9.17959e-08 3.07071e-08 6.83905e-09 4.45843e-10 3.39299e-11 0.00000e+00 0.00000e+00 0.00000e+00 0.00000e+00 0.00000e+00 0.00000e+00 0.00000e+00
8.11900e+03 9.88682e-07 7.19734e-07 1.27072e-06 4.76457e-06 6.96269e-06 8.74188e-06 1.51485e-05 1.68800e-05 1.92289e-05 1.97635e-05 1.93799e-05 1.62494e-05 1.45242e-05 1.17830e-05 9.38372e-06 7.09775e-06 4.96645e-06 3.58686e-06 2.29178e-06 1.44836e-06 7.85770e-07 4.70039e-07 2.22488e-07 1.08604e-07 3.98140e-08 9.69167e-09 1.48590e-09 7.86677e-11 0.00000e+00 0.00000e+00 0.00000e+00 0.00000e+00 0.00000e+00 0.00000e+00 0.00000e+00
8.78700e+03 2.40283e-08 2.07215e-07 2.06293e-06 3.80158e-06 7.38585e-06 1.09255e-05 1.40272e-05 1.66230e-05 2.14526e-05 1.87032e-05 1.90184e-05 1.63579e-05 1.47557e-05 1.21508e-05 9.87226e-06 7.38132e-06 5.35993e-06 3.71131e-06 2.41499e-06 1.52079e-06 9.40405e-07 4.84017e-07 2.52338e-07 1.15765e-07 4.30351e-08 1.06955e-08 3.22532e-09 1.47488e-10 5.72761e-13 0.00000e+00 0.00000e+00 0.00000e+00 0.00000e+00 0.00000e+00 0.00000e+00
9.51000e+03 0.00000e+00 4.36690e-07 4.54918e-06 4.85259e-06 7.27009e-06 9.71695e-06 1.38591e-05 1.74870e-05 1.92506e-05 2.00388e-05 1.99176e-05 1.71960e-05 1.53684e-05 1.22553e-05 9.36046e-06 7.42473e-06 5.31774e-06 3.88415e-06 2.57224e-06 1.58663e-06 9.47921e-07 5.54932e-07 2.85423e-07 1.39994e-07 6.03496e-08 2.10268e-08 3.99015e-09 4.56144e-10 2.65897e-12 0.00000e+00 0.00000e+00 0.00000e+00 0.00000e+00 0.00000e+00 0.00000e+00
1.02920e+04 1.45620e-08 5.31275e-07 1.15576e-06 4.87533e-06 7.95142e-06 1.22528e-05 1.48852e-05 1.74798e-05 2.03868e-05 2.02211e-05 1.95431e-05 1.84154e-05 1.52418e-05 1.25430e-05 9.90281e-06 8.18668e-06 5.83580e-06 4.14341e-06 2.76036e-06 1.66880e-06 1.06563e-06 5.63684e-07 3.21917e-07 1.56559e-07 6.52827e-08 2.55988e-08 5.45884e-09 6.21014e-10 6.76388e-11 0.00000e+00 0.00000e+00 0.00000e+00 0.00000e+00 0.00000e+00 0.00000e+00
1.11380e+04 6.53237e-09 1.13946e-06 2.51311e-06 5.61049e-06 7.98842e-06 1.32882e-05 1.51206e-05 1.70654e-05 1.90067e-05 2.28061e-05 1.94083e-05 1.69169e-05 1.52352e-05 1.30022e-05 1.01161e-05 8.34640e-06 5.95577e-06 4.30215e-06 2.89955e-06 1.87895e-06 1.18800e-06 6.48543e-07 3.47387e-07 1.71527e-07 8.10715e-08 3.06557e-08 9.74525e-09 1.38525e-09 5.66743e-11 0.00000e+00 0.00000e+00 0.00000e+00 0.00000e+00 0.00000e+00 0.00000e+00
1.20540e+04 1.10514e-07 5.02999e-07 1.09859e-06 2.82441e-06 8.26034e-06 1.10332e-05 1.58234e-05 1.83622e-05 1.95112e-05 2.06738e-05 1.96648e-05 1.95155e-05 1.58511e-05 1.30801e-05 1.07241e-05 8.09048e-06 6.10538e-06 4.41896e-06 2.91911e-06 1.97960e-06 1.22139e-06 7.32168e-07 3.68851e-07 2.01311e-07 1.02033e-07 3.95450e-08 1.48424e-08 1.73163e-09 1.00593e-09 3.94974e-13 0.00000e+00 0.00000e+00 0.00000e+00 0.00000e+00 0.00000e+00
1.30460e+04 1.13785e-07 2.52321e-07 2.39882e-06 6.50395e-06 8.28438e-06 1.21155e-05 1.63124e-05 1.88877e-05 1.91225e-05 2.13610e-05 2.04468e-05 1.89600e-05 1.58064e-05 1.42987e-05 1.11239e-05 8.90566e-06 6.46619e-06 4.58447e-06 3.12526e-06 2.10702e-06 1.32808e-06 7.86260e-07 4.17264e-07 2.38042e-07 1.12039e-07 4.81424e-08 1.58432e-08 3.66049e-09 8.05192e-10 7.81754e-12 0.00000e+00 0.00000e+00 0.00000e+00 0.00000e+00 0.00000e+00
1.41190e+04 6.10183e-08 3.16715e-07 1.04501e-06 7.25915e-06 7.50000e-06 1.22285e-05 1.69233e-05 1.92016e-05 2.10417e-05 1.99535e-05 2.12631e-05 1.98799e-05 1.63932e-05 1.41479e-05 1.12655e-05 8.91201e-06 6.66890e-06 4.65644e-06 3.35756e-06 2.18151e-06 1.40921e-06 8.73081e-07 4.98424e-07 2.46576e-07 1.30437e-07 6.00428e-08 2.04193e-08 5.48950e-09 6.03153e-10 2.22102e-11 0.00000e+00 0.00000e+00 0.00000e+00 0.00000e+00 0.00000e+00
1.52800e+04 8.23560e-08 6.61300e-07 1.47438e-06 4.08132e-06 7.67070e-06 1.12644e-05 1.55076e-05 1.82066e-05 2.05037e-05 2.02176e-05 2.14497e-05 1.97066e-05 1.69310e-05 1.38721e-05 1.15903e-05 9.18348e-06 6.88517e-06 4.99010e-06 3.44834e-06 2.35093e-06 1.50308e-06 9.11031e-07 5.24423e-07 2.69568e-07 1.52988e-07 6.54425e-08 2.16587e-08 6.58604e-09 1.49739e-09 2.50308e-10 0.00000e+00 0.00000e+00 0.00000e+00 0.00000e+00 0.00000e+00
1.65360e+04 9.82837e-08 6.91339e-07 1.22100e-06 3.95633e-06 8.54824e-06 1.38715e-05 1.47223e-05 2.09394e-05 2.18954e-05 2.15507e-05 2.05396e-05 1.92319e-05 1.72929e-05 1.40120e-05 1.17755e-05 9.67853e-06 7.36986e-06 5.13164e-06 3.73356e-06 2.51155e-06 1.61200e-06 1.00429e-06 5.50915e-07 3.29748e-07 1.65603e-07 7.45635e-08 3.46379e-08 9.02256e-09 1.22699e-09 1.24132e-10 4.35338e-13 0.00000e+00 0.00000e+00 0.00000e+00 0.00000e+00
1.78960e+04 7.66720e-08 1.29005e-06 3.34750e-06 5.80686e-06 8.16160e-06 1.37244e-05 1.63464e-05 1.95407e-05 1.98179e-05 2.19384e-05 2.12774e-05 1.98180e-05 1.76977e-05 1.49601e-05 1.20705e-05 9.51686e-06 7.57084e-06 5.41402e-06 3.76532e-06 2.68505e-06 1.71398e-06 1.07907e-06 6.29872e-07 3.28010e-07 1.69121e-07 9.54754e-08 3.58553e-08 1.29124e-08 4.30511e-09 2.62646e-10 4.97519e-12 0.00000e+00 0.00000e+00 0.00000e+00 0.00000e+00
1.93680e+04 3.73088e-08 3.91372e-07 9.71105e-07 4.43457e-06 7.41110e-06 1.17068e-05 1.74188e-05 1.98195e-05 2.13847e-05 2.24313e-05 2.16528e-05 2.13922e-05 1.83199e-05 1.51187e-05 1.21271e-05 9.84104e-06 7.74597e-06 5.53320e-06 3.98324e-06 2.68922e-06 1.81595e-06 1.16756e-06 6.67340e-07 3.82426e-07 1.96975e-07 1.09855e-07 4.60031e-08 1.62060e-08 5.28196e-09 3.84013e-10 3.88240e-11 0.00000e+00 0.00000e+00 0.00000e+00 0.00000e+00
2.09610e+04 1.19107e-07 3.15301e-07 1.60099e-06 2.90032e-06 7.48877e-06 1.43427e-05 1.59425e-05 1.80575e-05 2.15886e-05 2.36574e-05 2.06693e-05 2.13240e-05 1.87656e-05 1.54424e-05 1.32952e-05 1.00263e-05 7.92537e-06 5.98683e-06 4.14747e-06 2.86131e-06 1.98836e-06 1.27177e-06 7.03827e-07 4.28683e-07 2.29853e-07 1.13761e-07 5.32195e-08 1.77657e-08 5.56698e-09 9.72922e-10 5.03428e-11 0.00000e+00 0.00000e+00 0.00000e+00 0.00000e+00
2.26850e+04 1.03063e-08 7.02246e-07 2.42802e-06 3.08472e-06 8.20632e-06 1.35163e-05 1.62388e-05 2.01818e-05 2.06986e-05 2.40513e-05 2.09385e-05 2.23107e-05 1.85779e-05 1.57224e-05 1.28984e-05 1.04460e-05 8.35251e-06 6.18988e-06 4.18954e-06 2.95529e-06 2.04091e-06 1.35983e-06 7.97970e-07 4.60209e-07 2.57684e-07 1.33617e-07 5.66903e-08 2.59483e-08 8.38749e-09 1.81951e-09 1.75138e-10 2.03287e-12 0.00000e+00 0.00000e+00 0.00000e+00
2.45500e+04 8.64837e-07 5.03413e-07 2.51912e-06 4.50590e-06 9.84892e-06 1.26242e-05 1.60448e-05 1.86705e-05 2.26707e-05 2.23103e-05 2.33159e-05 2.03497e-05 1.98167e-05 1.60819e-05 1.33946e-05 1.05492e-05 8.09350e-06 6.29989e-06 4.39215e-06 3.19069e-06 2.09601e-06 1.43079e-06 8.58550e-07 4.78204e-07 2.72346e-07 1.54943e-07 7.64597e-08 3.16182e-08 9.65686e-09 2.92029e-09 1.81582e-10 1.80199e-10 0.00000e+00 0.00000e+00 0.00000e+00
2.65690e+04 0.00000e+00 1.71229e-06 2.29831e-06 4.78183e-06 9.17769e-06 1.02440e-05 1.84215e-05 1.99676e-05 2.09491e-05 2.45724e-05 2.27490e-05 2.19326e-05 1.95425e-05 1.64799e-05 1.41207e-05 1.06582e-05 8.36947e-06 6.44717e-06 4.54475e-06 3.33602e-06 2.22290e-06 1.53125e-06 9.11191e-07 5.45960e-07 2.87024e-07 1.54595e-07 8.14508e-08 3.39603e-08 1.25846e-08 3.45186e-09 4.39627e-10 1.38245e-11 0.00000e+00 0.00000e+00 0.00000e+00
2.87540e+04 1.45799e-07 4.21357e-07 2.06920e-06 4.65449e-06 8.83737e-06 1.45205e-05 1.59808e-05 1.85812e-05 2.22591e-05 2.58477e-05 2.40029e-05 2.28007e-05 1.97349e-05 1.67469e-05 1.37927e-05 1.15115e-05 8.63282e-06 6.94376e-06 4.68624e-06 3.49887e-06 2.47641e-06 1.55820e-06 1.00443e-06 5.79781e-07 3.50125e-07 1.78208e-07 9.06184e-08 4.63543e-08 1.76024e-08 3.76480e-09 7.56840e-10 6.15443e-11 0.00000e+00 0.00000e+00 0.00000e+00
3.11190e+04 1.68124e-07 5.50577e-07 2.36785e-06 4.13643e-06 1.01015e-05 1.16270e-05 1.86757e-05 1.96175e-05 2.27288e-05 2.62982e-05 2.33978e-05 2.34070e-05 1.95178e-05 1.79594e-05 1.38354e-05 1.13863e-05 8.53286e-06 6.80485e-06 5.10801e-06 3.47278e-06 2.48264e-06 1.63640e-06 1.04845e-06 6.18192e-07 3.45253e-07 2.06770e-07 1.06858e-07 4.56263e-08 1.84184e-08 7.04323e-09 1.53280e-09 7.69638e-11 6.94632e-11 0.00000e+00 0.00000e+00
3.36780e+04 1.90225e-07 3.52301e-07 1.42187e-06 7.40204e-06 9.00113e-06 1.40386e-05 1.68613e-05 2.15016e-05 2.40811e-05 2.26457e-05 2.22995e-05 2.34904e-05 2.20218e-05 1.77216e-05 1.46261e-05 1.15799e-05 9.01999e-06 6.91007e-06 5.17745e-06 3.56288e-06 2.55566e-06 1.75358e-06 1.11384e-06 6.94862e-07 4.05024e-07 2.24379e-07 1.10353e-07 5.37809e-08 2.61130e-08 9.60064e-09 1.79874e-09 2.23318e-10 6.25232e-12 0.00000e+00 0.00000e+00
3.64480e+04 1.48630e-08 6.72727e-07 3.47816e-06 6.51570e-06 7.96388e-06 1.18236e-05 1.76945e-05 1.99602e-05 2.42382e-05 2.41001e-05 2.38857e-05 2.32691e-05 2.14372e-05 1.76253e-05 1.51342e-05 1.23521e-05 9.21935e-06 7.19926e-06 5.25203e-06 3.86836e-06 2.71957e-06 1.80779e-06 1.25873e-06 7.60483e-07 4.60046e-07 2.54023e-07 1.32141e-07 6.62756e-08 2.69440e-08 1.02112e-08 2.90381e-09 3.97623e-10 4.61810e-11 0.00000e+00 0.00000e+00
3.94450e+04 5.87405e-08 4.01659e-07 1.40360e-06 5.89720e-06 1.00422e-05 1.59581e-05 1.75623e-05 2.14913e-05 2.33341e-05 2.41798e-05 2.48394e-05 2.34292e-05 2.07128e-05 1.89979e-05 1.49026e-05 1.18686e-05 9.68353e-06 7.44212e-06 5.45361e-06 4.00159e-06 2.77652e-06 1.89956e-06 1.28764e-06 8.19408e-07 4.75281e-07 2.67254e-07 1.35009e-07 7.03717e-08 3.19119e-08 1.33251e-08 4.36930e-09 4.40090e-10 6.72377e-11 4.56658e-14 0.00000e+00
4.26890e+04 1.12542e-07 7.61668e-07 2.36931e-06 5.07018e-06 1.21511e-05 1.66826e-05 1.74890e-05 2.24119e-05 2.45053e-05 2.42850e-05 2.56940e-05 2.44627e-05 2.18985e-05 1.86978e-05 1.58305e-05 1.26305e-05 1.03537e-05 7.92334e-06 5.69455e-06 4.23228e-06 2.93771e-06 2.03158e-06 1.31868e-06 8.77396e-07 5.08163e-07 3.05507e-07 1.66789e-07 7.97579e-08 3.78539e-08 1.63381e-08 5.65694e-09 8.76383e-10 2.78605e-10 3.55413e-13 0.00000e+00
4.62000e+04 2.01688e-07 2.49810e-07 1.26938e-06 3.30248e-06 8.60372e-06 1.36957e-05 1.97207e-05 2.29637e-05 2.42036e-05 2.59684e-05 2.59827e-05 2.56688e-05 2.18670e-05 1.80363e-05 1.58732e-05 1.27196e-05 1.02911e-05 7.93334e-06 6.01577e-06 4.31889e-06 2.88338e-06 2.15254e-06 1.41034e-06 9.09625e-07 5.74431e-07 3.21165e-07 1.77275e-07 9.69838e-08 4.56785e-08 1.90888e-08 5.65865e-09 1.69010e-09 1.36933e-10 4.81608e-12 0.00000e+00
4.99990e+04 0.00000e+00 5.40295e-07 1.58345e-06 4.44759e-06 8.54164e-06 1.25473e-05 1.79988e-05 2.23165e-05 2.21785e-05 2.68265e-05 2.48426e-05 2.47110e-05 2.28390e-05 1.91638e-05 1.65200e-05 1.33163e-05 1.02716e-05 7.97535e-06 6.19983e-06 4.56956e-06 3.11744e-06 2.18310e-06 1.48130e-06 9.61380e-07 6.22974e-07 3.52873e-07 2.03497e-07 1.02213e-07 5.10271e-08 2.24391e-08 8.02564e-09 1.98845e-09 4.43421e-10 1.15299e-11 0.00000e+00
