0.00000e+00 3.86955e-01 5.21410e-01 7.02590e-01 9.46730e-01 1.27570e+00 1.71897e+00 2.31628e+00 3.12115e+00 4.20568e+00 5.66707e+00 7.63626e+00 1.02897e+01 1.38651e+01 1.86830e+01 2.51749e+01 3.39227e+01 4.57101e+01 6.15935e+01 8.29959e+01 1.11835e+02 1.50696e+02 2.03059e+02 2.73618e+02 3.68695e+02 4.96808e+02 6.69439e+02 9.02055e+02 1.21550e+03 1.63786e+03 2.20698e+03 2.97387e+03 4.00722e+03 5.39965e+03 7.27591e+03 9.80414e+03 1.32109e+04 1.78014e+04 2.39870e+04 3.23220e+04 4.35532e+04
1.80000e+01 0.00000e+00 0.00000e+00 2.11025e-09 1.92408e-08 3.73006e-08 4.46873e-08 5.40457e-08 3.68778e-08 5.30482e-09 2.17818e-10 0.00000e+00 0.00000e+00 0.00000e+00 0.00000e+00 0.00000e+00 0.00000e+00 0.00000e+00 0.00000e+00 0.00000e+00 0.00000e+00 0.00000e+00 0.00000e+00 0.00000e+00 0.00000e+00 0.00000e+00 0.00000e+00 0.00000e+00 0.00000e+00 0.00000e+00 0.00000e+00 0.00000e+00 0.00000e+00 0.00000e+00 0.00000e+00 0.00000e+00 0.00000e+00 0.00000e+00 0.00000e+00 0.00000e+00 0.00000e+00
1.90000e+01 0.00000e+00 5.39128e-10 1.56311e-09 1.55088e-08 4.18989e-08 5.58634e-08 6.61636e-08 4.16650e-08 1.67076e-08 1.83737e-09 0.00000e+00 0.00000e+00 0.00000e+00 0.00000e+00 0.00000e+00 0.00000e+00 0.00000e+00 0.00000e+00 0.00000e+00 0.00000e+00 0.00000e+00 0.00000e+00 0.00000e+00 0.00000e+00 0.00000e+00 0.00000e+00 0.00000e+00 0.00000e+00 0.00000e+00 0.00000e+00 0.00000e+00 0.00000e+00 0.00000e+00 0.00000e+00 0.00000e+00 0.00000e+00 0.00000e+00 0.00000e+00 0.00000e+00 0.00000e+00
2.00000e+01 5.93500e-10 8.25841e-10 7.38907e-09 1.78381e-08 4.25576e-08 9.95846e-08 9.53197e-08 8.52516e-08 2.97710e-08 4.57828e-09 1.55389e-11 0.00000e+00 0.00000e+00 0.00000e+00 0.00000e+00 0.00000e+00 0.00000e+00 0.00000e+00 0.00000e+00 0.00000e+00 0.00000e+00 0.00000e+00 0.00000e+00 0.00000e+00 0.00000e+00 0.00000e+00 0.00000e+00 0.00000e+00 0.00000e+00 0.00000e+00 0.00000e+00 0.00000e+00 0.00000e+00 0.00000e+00 0.00000e+00 0.00000e+00 0.00000e+00 0.00000e+00 0.00000e+00 0.00000e+00
2.10000e+01 0.00000e+00 2.16120e-10 1.46971e-08 2.69402e-08 4.98675e-08 9.16928e-08 1.21373e-07 1.17620e-07 6.89658e-08 8.92883e-09 5.91003e-11 0.00000e+00 0.00000e+00 0.00000e+00 0.00000e+00 0.00000e+00 0.00000e+00 0.00000e+00 0.00000e+00 0.00000e+00 0.00000e+00 0.00000e+00 0.00000e+00 0.00000e+00 0.00000e+00 0.00000e+00 0.00000e+00 0.00000e+00 0.00000e+00 0.00000e+00 0.00000e+00 0.00000e+00 0.00000e+00 0.00000e+00 0.00000e+00 0.00000e+00 0.00000e+00 0.00000e+00 0.00000e+00 0.00000e+00
2.30000e+01 0.00000e+00 2.97721e-08 3.14366e-08 3.92842e-08 7.99111e-08 1.79492e-07 1.61023e-07 2.60012e-07 1.39285e-07 3.32126e-08 1.05496e-09 0.00000e+00 0.00000e+00 0.00000e+00 0.00000e+00 0.00000e+00 0.00000e+00 0.00000e+00 0.00000e+00 0.00000e+00 0.00000e+00 0.00000e+00 0.00000e+00 0.00000e+00 0.00000e+00 0.00000e+00 0.00000e+00 0.00000e+00 0.00000e+00 0.00000e+00 0.00000e+00 0.00000e+00 0.00000e+00 0.00000e+00 0.00000e+00 0.00000e+00 0.00000e+00 0.00000e+00 0.00000e+00 0.00000e+00
2.50000e+01 0.00000e+00 1.53148e-09 1.05506e-08 1.76865e-08 1.19923e-07 1.75626e-07 2.53120e-07 3.85680e-07 3.33647e-07 9.79203e-08 9.00714e-09 9.06636e-12 0.00000e+00 0.00000e+00 0.00000e+00 0.00000e+00 0.00000e+00 0.00000e+00 0.00000e+00 0.00000e+00 0.00000e+00 0.00000e+00 0.00000e+00 0.00000e+00 0.00000e+00 0.00000e+00 0.00000e+00 0.00000e+00 0.00000e+00 0.00000e+00 0.00000e+00 0.00000e+00 0.00000e+00 0.00000e+00 0.00000e+00 0.00000e+00 0.00000e+00 0.00000e+00 0.00000e+00 0.00000e+00
2.70000e+01 0.00000e+00 2.22774e-09 4.14510e-08 3.34125e-08 1.42665e-07 2.19523e-07 3.91373e-07 5.11621e-07 4.42403e-07 1.94524e-07 3.60188e-08 9.59086e-10 0.00000e+00 0.00000e+00 0.00000e+00 0.00000e+00 0.00000e+00 0.00000e+00 0.00000e+00 0.00000e+00 0.00000e+00 0.00000e+00 0.00000e+00 0.00000e+00 0.00000e+00 0.00000e+00 0.00000e+00 0.00000e+00 0.00000e+00 0.00000e+00 0.00000e+00 0.00000e+00 0.00000e+00 0.00000e+00 0.00000e+00 0.00000e+00 0.00000e+00 0.00000e+00 0.00000e+00 0.00000e+00
2.90000e+01 2.39674e-09 7.99307e-09 8.68923e-09 3.95213e-08 1.31776e-07 3.14301e-07 5.12859e-07 6.75442e-07 6.09103e-07 3.27716e-07 7.65510e-08 4.49399e-09 0.00000e+00 0.00000e+00 0.00000e+00 0.00000e+00 0.00000e+00 0.00000e+00 0.00000e+00 0.00000e+00 0.00000e+00 0.00000e+00 0.00000e+00 0.00000e+00 0.00000e+00 0.00000e+00 0.00000e+00 0.00000e+00 0.00000e+00 0.00000e+00 0.00000e+00 0.00000e+00 0.00000e+00 0.00000e+00 0.00000e+00 0.00000e+00 0.00000e+00 0.00000e+00 0.00000e+00 0.00000e+00
3.20000e+01 0.00000e+00 2.13081e-09 4.22795e-08 5.16679e-08 2.15310e-07 3.03751e-07 6.36095e-07 9.33194e-07 8.69356e-07 6.34131e-07 1.82901e-07 2.31072e-08 9.67903e-13 0.00000e+00 0.00000e+00 0.00000e+00 0.00000e+00 0.00000e+00 0.00000e+00 0.00000e+00 0.00000e+00 0.00000e+00 0.00000e+00 0.00000e+00 0.00000e+00 0.00000e+00 0.00000e+00 0.00000e+00 0.00000e+00 0.00000e+00 0.00000e+00 0.00000e+00 0.00000e+00 0.00000e+00 0.00000e+00 0.00000e+00 0.00000e+00 0.00000e+00 0.00000e+00 0.00000e+00
3.40000e+01 0.00000e+00 0.00000e+00 7.36274e-08 1.13266e-07 2.19438e-07 3.64165e-07 7.02751e-07 1.06199e-06 1.18534e-06 8.08890e-07 2.47685e-07 3.39366e-08 2.42860e-10 0.00000e+00 0.00000e+00 0.00000e+00 0.00000e+00 0.00000e+00 0.00000e+00 0.00000e+00 0.00000e+00 0.00000e+00 0.00000e+00 0.00000e+00 0.00000e+00 0.00000e+00 0.00000e+00 0.00000e+00 0.00000e+00 0.00000e+00 0.00000e+00 0.00000e+00 0.00000e+00 0.00000e+00 0.00000e+00 0.00000e+00 0.00000e+00 0.00000e+00 0.00000e+00 0.00000e+00
3.70000e+01 5.71423e-10 2.58928e-09 3.68085e-08 3.22847e-08 2.07379e-07 4.28163e-07 8.83580e-07 1.57028e-06 1.47434e-06 1.22309e-06 5.12788e-07 9.32238e-08 8.27511e-09 0.00000e+00 0.00000e+00 0.00000e+00 0.00000e+00 0.00000e+00 0.00000e+00 0.00000e+00 0.00000e+00 0.00000e+00 0.00000e+00 0.00000e+00 0.00000e+00 0.00000e+00 0.00000e+00 0.00000e+00 0.00000e+00 0.00000e+00 0.00000e+00 0.00000e+00 0.00000e+00 0.00000e+00 0.00000e+00 0.00000e+00 0.00000e+00 0.00000e+00 0.00000e+00 0.00000e+00
4.00000e+01 0.00000e+00 0.00000e+00 1.42566e-08 1.88230e-07 4.26211e-07 4.88071e-07 1.09999e-06 1.52216e-06 2.03162e-06 1.61759e-06 7.07505e-07 2.15892e-07 1.46267e-08 5.94139e-11 0.00000e+00 0.00000e+00 0.00000e+00 0.00000e+00 0.00000e+00 0.00000e+00 0.00000e+00 0.00000e+00 0.00000e+00 0.00000e+00 0.00000e+00 0.00000e+00 0.00000e+00 0.00000e+00 0.00000e+00 0.00000e+00 0.00000e+00 0.00000e+00 0.00000e+00 0.00000e+00 0.00000e+00 0.00000e+00 0.00000e+00 0.00000e+00 0.00000e+00 0.00000e+00
4.40000e+01 0.00000e+00 0.00000e+00 2.27139e-08 1.14844e-07 2.90764e-07 6.65954e-07 1.23374e-06 2.00307e-06 2.44882e-06 2.28387e-06 1.20567e-06 3.88367e-07 7.57282e-08 2.50453e-10 0.00000e+00 0.00000e+00 0.00000e+00 0.00000e+00 0.00000e+00 0.00000e+00 0.00000e+00 0.00000e+00 0.00000e+00 0.00000e+00 0.00000e+00 0.00000e+00 0.00000e+00 0.00000e+00 0.00000e+00 0.00000e+00 0.00000e+00 0.00000e+00 0.00000e+00 0.00000e+00 0.00000e+00 0.00000e+00 0.00000e+00 0.00000e+00 0.00000e+00 0.00000e+00
4.70000e+01 0.00000e+00 3.35201e-09 6.78993e-09 1.74349e-07 4.32785e-07 6.56639e-07 1.25286e-06 2.14698e-06 2.88374e-06 2.84107e-06 1.67029e-06 5.45100e-07 8.53791e-08 1.24883e-09 0.00000e+00 0.00000e+00 0.00000e+00 0.00000e+00 0.00000e+00 0.00000e+00 0.00000e+00 0.00000e+00 0.00000e+00 0.00000e+00 0.00000e+00 0.00000e+00 0.00000e+00 0.00000e+00 0.00000e+00 0.00000e+00 0.00000e+00 0.00000e+00 0.00000e+00 0.00000e+00 0.00000e+00 0.00000e+00 0.00000e+00 0.00000e+00 0.00000e+00 0.00000e+00
5.10000e+01 0.00000e+00 2.09826e-09 1.41029e-08 1.49298e-07 5.14707e-07 9.11779e-07 1.58940e-06 2.72411e-06 3.65474e-06 3.30150e-06 2.13662e-06 9.57088e-07 2.11323e-07 1.58629e-08 0.00000e+00 0.00000e+00 0.00000e+00 0.00000e+00 0.00000e+00 0.00000e+00 0.00000e+00 0.00000e+00 0.00000e+00 0.00000e+00 0.00000e+00 0.00000e+00 0.00000e+00 0.00000e+00 0.00000e+00 0.00000e+00 0.00000e+00 0.00000e+00 0.00000e+00 0.00000e+00 0.00000e+00 0.00000e+00 0.00000e+00 0.00000e+00 0.00000e+00 0.00000e+00
5.50000e+01 0.00000e+00 7.92102e-10 2.97290e-08 3.09415e-07 3.12345e-07 8.98666e-07 1.67846e-06 2.44433e-06 3.74848e-06 3.94246e-06 2.61264e-06 1.47299e-06 4.03417e-07 3.41833e-08 2.87252e-10 0.00000e+00 0.00000e+00 0.00000e+00 0.00000e+00 0.00000e+00 0.00000e+00 0.00000e+00 0.00000e+00 0.00000e+00 0.00000e+00 0.00000e+00 0.00000e+00 0.00000e+00 0.00000e+00 0.00000e+00 0.00000e+00 0.00000e+00 0.00000e+00 0.00000e+00 0.00000e+00 0.00000e+00 0.00000e+00 0.00000e+00 0.00000e+00 0.00000e+00
6.00000e+01 0.00000e+00 2.59617e-09 2.66647e-08 1.75011e-07 3.66928e-07 7.71375e-07 1.83672e-06 3.56858e-06 5.00543e-06 4.79473e-06 3.78252e-06 1.90925e-06 5.95087e-07 8.65508e-08 3.73091e-09 0.00000e+00 0.00000e+00 0.00000e+00 0.00000e+00 0.00000e+00 0.00000e+00 0.00000e+00 0.00000e+00 0.00000e+00 0.00000e+00 0.00000e+00 0.00000e+00 0.00000e+00 0.00000e+00 0.00000e+00 0.00000e+00 0.00000e+00 0.00000e+00 0.00000e+00 0.00000e+00 0.00000e+00 0.00000e+00 0.00000e+00 0.00000e+00 0.00000e+00
6.50000e+01 0.00000e+00 7.06979e-09 5.32316e-07 2.25591e-07 4.05250e-07 1.00410e-06 2.52658e-06 3.68535e-06 4.74346e-06 5.20814e-06 4.21148e-06 2.46841e-06 9.20187e-07 1.95533e-07 7.03721e-09 5.70379e-12 0.00000e+00 0.00000e+00 0.00000e+00 0.00000e+00 0.00000e+00 0.00000e+00 0.00000e+00 0.00000e+00 0.00000e+00 0.00000e+00 0.00000e+00 0.00000e+00 0.00000e+00 0.00000e+00 0.00000e+00 0.00000e+00 0.00000e+00 0.00000e+00 0.00000e+00 0.00000e+00 0.00000e+00 0.00000e+00 0.00000e+00 0.00000e+00
7.00000e+01 0.00000e+00 3.74690e-09 2.25211e-08 1.27743e-07 5.60412e-07 1.43620e-06 2.39493e-06 3.99817e-06 5.44713e-06 6.32838e-06 5.08743e-06 3.11213e-06 1.28581e-06 3.48241e-07 3.29805e-08 1.34615e-10 0.00000e+00 0.00000e+00 0.00000e+00 0.00000e+00 0.00000e+00 0.00000e+00 0.00000e+00 0.00000e+00 0.00000e+00 0.00000e+00 0.00000e+00 0.00000e+00 0.00000e+00 0.00000e+00 0.00000e+00 0.00000e+00 0.00000e+00 0.00000e+00 0.00000e+00 0.00000e+00 0.00000e+00 0.00000e+00 0.00000e+00 0.00000e+00
7.60000e+01 0.00000e+00 1.25813e-07 6.33175e-08 1.77561e-07 5.19123e-07 1.39483e-06 2.84186e-06 3.85852e-06 6.09445e-06 6.85084e-06 6.20191e-06 3.77283e-06 1.92598e-06 6.05628e-07 4.83067e-08 1.02489e-09 0.00000e+00 0.00000e+00 0.00000e+00 0.00000e+00 0.00000e+00 0.00000e+00 0.00000e+00 0.00000e+00 0.00000e+00 0.00000e+00 0.00000e+00 0.00000e+00 0.00000e+00 0.00000e+00 0.00000e+00 0.00000e+00 0.00000e+00 0.00000e+00 0.00000e+00 0.00000e+00 0.00000e+00 0.00000e+00 0.00000e+00 0.00000e+00
8.20000e+01 0.00000e+00 5.71470e-09 1.30162e-08 5.05207e-07 5.56336e-07 1.26135e-06 2.93877e-06 4.45276e-06 8.08167e-06 8.10476e-06 7.55095e-06 4.42648e-06 2.34454e-06 8.96399e-07 1.22784e-07 9.80585e-09 0.00000e+00 0.00000e+00 0.00000e+00 0.00000e+00 0.00000e+00 0.00000e+00 0.00000e+00 0.00000e+00 0.00000e+00 0.00000e+00 0.00000e+00 0.00000e+00 0.00000e+00 0.00000e+00 0.00000e+00 0.00000e+00 0.00000e+00 0.00000e+00 0.00000e+00 0.00000e+00 0.00000e+00 0.00000e+00 0.00000e+00 0.00000e+00
8.90000e+01 0.00000e+00 9.67964e-08 8.73031e-08 8.29589e-08 5.71392e-07 1.61744e-06 2.68764e-06 4.93591e-06 7.26718e-06 8.52595e-06 8.35023e-06 5.81370e-06 2.90882e-06 1.21211e-06 2.66290e-07 1.25939e-08 1.27548e-10 0.00000e+00 0.00000e+00 0.00000e+00 0.00000e+00 0.00000e+00 0.00000e+00 0.00000e+00 0.00000e+00 0.00000e+00 0.00000e+00 0.00000e+00 0.00000e+00 0.00000e+00 0.00000e+00 0.00000e+00 0.00000e+00 0.00000e+00 0.00000e+00 0.00000e+00 0.00000e+00 0.00000e+00 0.00000e+00 0.00000e+00
9.70000e+01 0.00000e+00 1.17416e-08 2.12967e-08 3.19920e-07 5.12648e-07 1.29160e-06 3.17962e-06 5.42349e-06 8.78260e-06 9.39123e-06 9.25967e-06 6.80262e-06 3.78073e-06 1.65206e-06 5.01991e-07 4.44999e-08 9.13491e-10 0.00000e+00 0.00000e+00 0.00000e+00 0.00000e+00 0.00000e+00 0.00000e+00 0.00000e+00 0.00000e+00 0.00000e+00 0.00000e+00 0.00000e+00 0.00000e+00 0.00000e+00 0.00000e+00 0.00000e+00 0.00000e+00 0.00000e+00 0.00000e+00 0.00000e+00 0.00000e+00 0.00000e+00 0.00000e+00 0.00000e+00
1.05000e+02 1.24540e-08 2.34305e-07 3.63316e-08 2.94252e-07 3.99592e-07 1.30507e-06 4.18277e-06 6.26756e-06 8.68290e-06 1.07299e-05 9.94157e-06 7.92408e-06 5.09985e-06 2.09869e-06 6.84511e-07 7.32012e-08 2.11553e-09 0.00000e+00 0.00000e+00 0.00000e+00 0.00000e+00 0.00000e+00 0.00000e+00 0.00000e+00 0.00000e+00 0.00000e+00 0.00000e+00 0.00000e+00 0.00000e+00 0.00000e+00 0.00000e+00 0.00000e+00 0.00000e+00 0.00000e+00 0.00000e+00 0.00000e+00 0.00000e+00 0.00000e+00 0.00000e+00 0.00000e+00
1.13000e+02 0.00000e+00 0.00000e+00 2.66514e-08 1.44271e-07 8.98639e-07 1.14844e-06 3.23465e-06 6.76505e-06 9.64079e-06 1.11538e-05 1.11430e-05 8.86282e-06 5.73074e-06 2.80789e-06 8.75362e-07 1.51054e-07 7.44230e-09 0.00000e+00 0.00000e+00 0.00000e+00 0.00000e+00 0.00000e+00 0.00000e+00 0.00000e+00 0.00000e+00 0.00000e+00 0.00000e+00 0.00000e+00 0.00000e+00 0.00000e+00 0.00000e+00 0.00000e+00 0.00000e+00 0.00000e+00 0.00000e+00 0.00000e+00 0.00000e+00 0.00000e+00 0.00000e+00 0.00000e+00
1.23000e+02 0.00000e+00 0.00000e+00 1.21338e-07 1.59021e-07 9.83549e-07 1.57930e-06 3.51937e-06 6.93256e-06 1.08872e-05 1.26887e-05 1.23694e-05 9.84121e-06 6.69818e-06 3.57272e-06 1.47686e-06 3.00351e-07 1.37559e-08 1.99287e-10 0.00000e+00 0.00000e+00 0.00000e+00 0.00000e+00 0.00000e+00 0.00000e+00 0.00000e+00 0.00000e+00 0.00000e+00 0.00000e+00 0.00000e+00 0.00000e+00 0.00000e+00 0.00000e+00 0.00000e+00 0.00000e+00 0.00000e+00 0.00000e+00 0.00000e+00 0.00000e+00 0.00000e+00 0.00000e+00
1.33000e+02 0.00000e+00 5.43801e-07 1.84572e-08 1.47260e-07 5.29466e-07 1.37340e-06 3.61254e-06 6.47654e-06 9.98906e-06 1.38976e-05 1.39355e-05 1.14354e-05 7.89722e-06 4.24255e-06 1.80912e-06 4.46490e-07 6.98445e-08 1.22707e-09 0.00000e+00 0.00000e+00 0.00000e+00 0.00000e+00 0.00000e+00 0.00000e+00 0.00000e+00 0.00000e+00 0.00000e+00 0.00000e+00 0.00000e+00 0.00000e+00 0.00000e+00 0.00000e+00 0.00000e+00 0.00000e+00 0.00000e+00 0.00000e+00 0.00000e+00 0.00000e+00 0.00000e+00 0.00000e+00
1.44000e+02 0.00000e+00 0.00000e+00 2.32714e-08 5.85656e-07 4.36017e-07 2.08926e-06 4.51750e-06 7.39197e-06 1.18354e-05 1.52310e-05 1.46366e-05 1.35999e-05 9.19661e-06 5.25242e-06 2.35593e-06 6.76853e-07 1.07128e-07 1.03047e-08 0.00000e+00 0.00000e+00 0.00000e+00 0.00000e+00 0.00000e+00 0.00000e+00 0.00000e+00 0.00000e+00 0.00000e+00 0.00000e+00 0.00000e+00 0.00000e+00 0.00000e+00 0.00000e+00 0.00000e+00 0.00000e+00 0.00000e+00 0.00000e+00 0.00000e+00 0.00000e+00 0.00000e+00 0.00000e+00
1.56000e+02 0.00000e+00 0.00000e+00 4.33675e-08 4.40363e-07 1.44185e-06 2.98111e-06 4.16775e-06 6.76544e-06 1.14062e-05 1.65779e-05 1.62435e-05 1.32190e-05 1.04451e-05 5.79385e-06 3.00426e-06 1.05993e-06 2.12406e-07 1.72791e-08 4.88717e-12 0.00000e+00 0.00000e+00 0.00000e+00 0.00000e+00 0.00000e+00 0.00000e+00 0.00000e+00 0.00000e+00 0.00000e+00 0.00000e+00 0.00000e+00 0.00000e+00 0.00000e+00 0.00000e+00 0.00000e+00 0.00000e+00 0.00000e+00 0.00000e+00 0.00000e+00 0.00000e+00 0.00000e+00
1.68000e+02 0.00000e+00 0.00000e+00 8.12394e-08 1.47606e-07 1.75027e-06 1.73659e-06 4.00942e-06 8.20966e-06 1.19725e-05 1.64405e-05 1.71453e-05 1.48826e-05 1.14056e-05 6.90447e-06 3.38683e-06 1.26638e-06 3.90284e-07 2.37026e-08 5.53663e-10 0.00000e+00 0.00000e+00 0.00000e+00 0.00000e+00 0.00000e+00 0.00000e+00 0.00000e+00 0.00000e+00 0.00000e+00 0.00000e+00 0.00000e+00 0.00000e+00 0.00000e+00 0.00000e+00 0.00000e+00 0.00000e+00 0.00000e+00 0.00000e+00 0.00000e+00 0.00000e+00 0.00000e+00
1.82000e+02 1.88229e-08 0.00000e+00 2.29358e-07 2.16074e-07 1.38019e-06 2.29194e-06 4.92084e-06 7.43352e-06 1.45569e-05 1.81330e-05 1.91001e-05 1.63803e-05 1.25458e-05 7.78480e-06 4.31318e-06 1.74959e-06 5.29937e-07 8.61821e-08 2.02370e-09 0.00000e+00 0.00000e+00 0.00000e+00 0.00000e+00 0.00000e+00 0.00000e+00 0.00000e+00 0.00000e+00 0.00000e+00 0.00000e+00 0.00000e+00 0.00000e+00 0.00000e+00 0.00000e+00 0.00000e+00 0.00000e+00 0.00000e+00 0.00000e+00 0.00000e+00 0.00000e+00 0.00000e+00
1.97000e+02 0.00000e+00 0.00000e+00 5.74153e-08 6.94526e-07 7.95801e-07 2.61218e-06 4.96628e-06 9.45857e-06 1.44174e-05 1.72492e-05 2.03362e-05 1.78050e-05 1.39518e-05 9.26719e-06 5.12617e-06 2.41292e-06 7.57518e-07 1.23991e-07 2.95721e-09 4.82628e-11 0.00000e+00 0.00000e+00 0.00000e+00 0.00000e+00 0.00000e+00 0.00000e+00 0.00000e+00 0.00000e+00 0.00000e+00 0.00000e+00 0.00000e+00 0.00000e+00 0.00000e+00 0.00000e+00 0.00000e+00 0.00000e+00 0.00000e+00 0.00000e+00 0.00000e+00 0.00000e+00
2.14000e+02 0.00000e+00 1.33190e-08 1.52078e-07 7.38570e-07 1.51624e-06 2.55380e-06 4.69752e-06 9.89782e-06 1.52413e-05 1.91429e-05 2.11806e-05 1.96641e-05 1.49045e-05 1.05557e-05 6.61511e-06 3.04459e-06 9.85098e-07 2.19267e-07 1.04888e-08 5.29113e-10 0.00000e+00 0.00000e+00 0.00000e+00 0.00000e+00 0.00000e+00 0.00000e+00 0.00000e+00 0.00000e+00 0.00000e+00 0.00000e+00 0.00000e+00 0.00000e+00 0.00000e+00 0.00000e+00 0.00000e+00 0.00000e+00 0.00000e+00 0.00000e+00 0.00000e+00 0.00000e+00
2.31000e+02 0.00000e+00 7.54086e-07 2.25245e-07 1.68170e-07 6.80777e-07 2.50617e-06 6.58715e-06 1.01170e-05 1.61134e-05 2.13400e-05 2.03744e-05 1.95587e-05 1.72234e-05 1.10758e-05 7.00344e-06 3.48584e-06 1.17234e-06 3.08256e-07 2.63841e-08 2.01189e-09 0.00000e+00 0.00000e+00 0.00000e+00 0.00000e+00 0.00000e+00 0.00000e+00 0.00000e+00 0.00000e+00 0.00000e+00 0.00000e+00 0.00000e+00 0.00000e+00 0.00000e+00 0.00000e+00 0.00000e+00 0.00000e+00 0.00000e+00 0.00000e+00 0.00000e+00 0.00000e+00
2.50000e+02 0.00000e+00 0.00000e+00 1.30460e-07 1.68402e-07 2.53174e-06 2.41014e-06 5.53234e-06 1.01820e-05 1.56637e-05 2.10838e-05 2.52122e-05 2.25354e-05 1.69515e-05 1.25331e-05 7.97058e-06 4.16198e-06 1.78792e-06 5.18117e-07 7.84237e-08 1.15050e-09 0.00000e+00 0.00000e+00 0.00000e+00 0.00000e+00 0.00000e+00 0.00000e+00 0.00000e+00 0.00000e+00 0.00000e+00 0.00000e+00 0.00000e+00 0.00000e+00 0.00000e+00 0.00000e+00 0.00000e+00 0.00000e+00 0.00000e+00 0.00000e+00 0.00000e+00 0.00000e+00
2.71000e+02 3.95126e-08 0.00000e+00 5.93325e-08 3.17168e-07 1.33270e-06 2.08184e-06 5.16394e-06 1.14284e-05 1.45603e-05 2.23670e-05 2.64856e-05 2.59361e-05 1.89585e-05 1.47301e-05 8.94508e-06 5.07294e-06 2.13363e-06 6.26731e-07 1.24191e-07 5.81471e-09 0.00000e+00 0.00000e+00 0.00000e+00 0.00000e+00 0.00000e+00 0.00000e+00 0.00000e+00 0.00000e+00 0.00000e+00 0.00000e+00 0.00000e+00 0.00000e+00 0.00000e+00 0.00000e+00 0.00000e+00 0.00000e+00 0.00000e+00 0.00000e+00 0.00000e+00 0.00000e+00
2.93000e+02 0.00000e+00 0.00000e+00 1.07523e-07 1.66004e-07 1.39598e-06 2.41969e-06 7.68231e-06 1.12929e-05 1.79671e-05 2.41520e-05 2.41887e-05 2.54200e-05 2.06009e-05 1.61930e-05 1.07929e-05 5.78878e-06 2.80291e-06 9.68855e-07 1.87850e-07 1.40607e-08 9.22025e-11 0.00000e+00 0.00000e+00 0.00000e+00 0.00000e+00 0.00000e+00 0.00000e+00 0.00000e+00 0.00000e+00 0.00000e+00 0.00000e+00 0.00000e+00 0.00000e+00 0.00000e+00 0.00000e+00 0.00000e+00 0.00000e+00 0.00000e+00 0.00000e+00 0.00000e+00
3.17000e+02 0.00000e+00 5.57799e-08 8.16535e-08 1.67465e-07 5.15418e-07 3.31660e-06 5.16307e-06 1.31618e-05 1.76147e-05 2.38570e-05 2.59203e-05 2.64136e-05 2.26905e-05 1.78195e-05 1.12459e-05 6.61257e-06 3.03749e-06 1.12139e-06 3.08557e-07 6.44977e-08 5.47891e-09 0.00000e+00 0.00000e+00 0.00000e+00 0.00000e+00 0.00000e+00 0.00000e+00 0.00000e+00 0.00000e+00 0.00000e+00 0.00000e+00 0.00000e+00 0.00000e+00 0.00000e+00 0.00000e+00 0.00000e+00 0.00000e+00 0.00000e+00 0.00000e+00 0.00000e+00
3.44000e+02 0.00000e+00 0.00000e+00 7.86270e-08 1.70448e-07 1.68375e-06 5.16577e-06 6.54853e-06 1.26867e-05 1.87456e-05 2.55222e-05 3.01937e-05 2.78063e-05 2.47830e-05 1.95556e-05 1.30631e-05 7.41355e-06 3.72738e-06 1.53139e-06 4.97599e-07 1.07641e-07 2.95668e-09 5.89828e-11 0.00000e+00 0.00000e+00 0.00000e+00 0.00000e+00 0.00000e+00 0.00000e+00 0.00000e+00 0.00000e+00 0.00000e+00 0.00000e+00 0.00000e+00 0.00000e+00 0.00000e+00 0.00000e+00 0.00000e+00 0.00000e+00 0.00000e+00 0.00000e+00
3.72000e+02 0.00000e+00 0.00000e+00 1.60005e-06 2.55100e-07 1.05119e-06 2.86999e-06 5.15118e-06 1.42068e-05 2.19815e-05 2.59584e-05 3.07244e-05 3.08470e-05 2.66956e-05 2.04031e-05 1.47014e-05 9.20323e-06 4.21844e-06 1.89257e-06 7.80776e-07 9.69712e-08 5.95163e-09 3.67478e-10 0.00000e+00 0.00000e+00 0.00000e+00 0.00000e+00 0.00000e+00 0.00000e+00 0.00000e+00 0.00000e+00 0.00000e+00 0.00000e+00 0.00000e+00 0.00000e+00 0.00000e+00 0.00000e+00 0.00000e+00 0.00000e+00 0.00000e+00 0.00000e+00
4.02000e+02 2.91720e-07 5.42247e-08 6.79399e-08 1.70844e-07 9.56543e-07 3.64449e-06 5.41383e-06 1.08823e-05 1.81865e-05 2.41204e-05 3.33653e-05 3.12887e-05 2.76903e-05 2.15066e-05 1.48534e-05 9.67121e-06 5.19437e-06 2.26240e-06 7.93956e-07 2.28093e-07 1.80300e-08 3.69323e-10 0.00000e+00 0.00000e+00 0.00000e+00 0.00000e+00 0.00000e+00 0.00000e+00 0.00000e+00 0.00000e+00 0.00000e+00 0.00000e+00 0.00000e+00 0.00000e+00 0.00000e+00 0.00000e+00 0.00000e+00 0.00000e+00 0.00000e+00 0.00000e+00
4.36000e+02 0.00000e+00 1.60503e-07 1.13226e-07 4.15384e-07 2.02196e-06 3.97978e-06 7.96985e-06 1.43839e-05 1.79240e-05 2.65461e-05 3.27567e-05 3.35247e-05 2.94773e-05 2.36361e-05 1.65073e-05 1.02884e-05 6.21680e-06 2.77687e-06 1.11547e-06 3.10722e-07 4.34018e-08 1.92360e-09 0.00000e+00 0.00000e+00 0.00000e+00 0.00000e+00 0.00000e+00 0.00000e+00 0.00000e+00 0.00000e+00 0.00000e+00 0.00000e+00 0.00000e+00 0.00000e+00 0.00000e+00 0.00000e+00 0.00000e+00 0.00000e+00 0.00000e+00 0.00000e+00
4.71000e+02 0.00000e+00 7.73932e-08 3.66705e-06 7.87137e-07 7.96012e-07 2.60525e-06 7.94471e-06 1.16501e-05 2.06779e-05 2.82996e-05 3.32417e-05 3.55607e-05 3.18990e-05 2.56648e-05 1.95990e-05 1.20024e-05 6.76729e-06 3.50139e-06 1.45098e-06 4.00069e-07 7.57962e-08 3.35748e-09 6.03520e-11 0.00000e+00 0.00000e+00 0.00000e+00 0.00000e+00 0.00000e+00 0.00000e+00 0.00000e+00 0.00000e+00 0.00000e+00 0.00000e+00 0.00000e+00 0.00000e+00 0.00000e+00 0.00000e+00 0.00000e+00 0.00000e+00 0.00000e+00
5.10000e+02 0.00000e+00 0.00000e+00 7.49818e-08 4.45742e-07 2.59682e-06 3.94136e-06 7.88862e-06 1.42764e-05 1.75304e-05 2.78844e-05 3.41484e-05 3.72507e-05 3.14609e-05 2.69358e-05 2.12346e-05 1.30122e-05 7.73686e-06 3.86040e-06 1.77093e-06 6.69307e-07 1.22963e-07 8.49161e-09 1.71229e-10 0.00000e+00 0.00000e+00 0.00000e+00 0.00000e+00 0.00000e+00 0.00000e+00 0.00000e+00 0.00000e+00 0.00000e+00 0.00000e+00 0.00000e+00 0.00000e+00 0.00000e+00 0.00000e+00 0.00000e+00 0.00000e+00 0.00000e+00
5.52000e+02 0.00000e+00 0.00000e+00 3.69389e-08 6.26067e-07 3.45270e-06 3.36046e-06 8.14702e-06 1.55672e-05 2.20326e-05 2.58260e-05 3.58012e-05 3.57604e-05 3.31054e-05 2.89178e-05 2.08067e-05 1.51287e-05 8.21554e-06 4.37465e-06 1.98985e-06 6.81129e-07 1.78889e-07 2.09827e-08 8.55760e-11 0.00000e+00 0.00000e+00 0.00000e+00 0.00000e+00 0.00000e+00 0.00000e+00 0.00000e+00 0.00000e+00 0.00000e+00 0.00000e+00 0.00000e+00 0.00000e+00 0.00000e+00 0.00000e+00 0.00000e+00 0.00000e+00 0.00000e+00
5.98000e+02 1.44111e-07 0.00000e+00 1.64418e-07 4.41607e-07 1.96509e-06 3.54351e-06 7.05625e-06 1.48910e-05 2.29029e-05 3.07077e-05 3.72437e-05 3.75009e-05 3.44963e-05 3.07710e-05 2.25956e-05 1.56218e-05 8.85448e-06 5.32658e-06 2.29429e-06 9.71493e-07 2.88217e-07 4.71919e-08 1.65666e-09 0.00000e+00 0.00000e+00 0.00000e+00 0.00000e+00 0.00000e+00 0.00000e+00 0.00000e+00 0.00000e+00 0.00000e+00 0.00000e+00 0.00000e+00 0.00000e+00 0.00000e+00 0.00000e+00 0.00000e+00 0.00000e+00 0.00000e+00
6.47000e+02 0.00000e+00 6.96263e-08 1.06191e-07 2.16966e-07 2.41724e-06 6.04502e-06 1.15218e-05 1.42059e-05 2.33453e-05 3.22002e-05 3.75284e-05 3.90197e-05 3.48850e-05 3.10140e-05 2.48350e-05 1.78772e-05 1.02713e-05 6.02775e-06 2.82999e-06 1.04792e-06 3.54882e-07 5.70694e-08 3.73691e-09 2.12836e-10 0.00000e+00 0.00000e+00 0.00000e+00 0.00000e+00 0.00000e+00 0.00000e+00 0.00000e+00 0.00000e+00 0.00000e+00 0.00000e+00 0.00000e+00 0.00000e+00 0.00000e+00 0.00000e+00 0.00000e+00 0.00000e+00
7.00000e+02 1.99927e-07 0.00000e+00 4.24830e-07 3.72079e-07 2.42875e-06 5.86588e-06 6.73503e-06 1.64300e-05 2.19275e-05 3.46121e-05 3.75166e-05 3.93161e-05 3.82375e-05 3.45633e-05 2.71022e-05 1.81972e-05 1.14794e-05 6.50552e-06 3.13781e-06 1.37860e-06 5.26562e-07 9.58849e-08 1.61622e-08 5.66921e-12 0.00000e+00 0.00000e+00 0.00000e+00 0.00000e+00 0.00000e+00 0.00000e+00 0.00000e+00 0.00000e+00 0.00000e+00 0.00000e+00 0.00000e+00 0.00000e+00 0.00000e+00 0.00000e+00 0.00000e+00 0.00000e+00
7.58000e+02 0.00000e+00 0.00000e+00 6.04510e-08 3.83668e-07 3.73780e-06 2.54323e-06 6.29242e-06 1.12417e-05 2.47632e-05 3.36766e-05 3.74319e-05 4.07921e-05 3.83207e-05 3.40787e-05 2.83643e-05 1.95484e-05 1.24388e-05 7.47851e-06 4.00343e-06 1.69458e-06 6.30593e-07 1.76581e-07 2.84180e-08 3.83801e-10 0.00000e+00 0.00000e+00 0.00000e+00 0.00000e+00 0.00000e+00 0.00000e+00 0.00000e+00 0.00000e+00 0.00000e+00 0.00000e+00 0.00000e+00 0.00000e+00 0.00000e+00 0.00000e+00 0.00000e+00 0.00000e+00
8.20000e+02 0.00000e+00 1.57014e-07 1.70783e-06 4.79455e-07 2.62694e-06 3.11740e-06 7.02288e-06 1.43934e-05 2.51273e-05 3.26361e-05 3.62834e-05 4.33852e-05 4.06138e-05 3.79868e-05 3.06177e-05 2.15058e-05 1.48537e-05 8.03792e-06 4.35424e-06 2.13192e-06 8.64881e-07 2.14450e-07 3.67460e-08 1.33595e-09 0.00000e+00 0.00000e+00 0.00000e+00 0.00000e+00 0.00000e+00 0.00000e+00 0.00000e+00 0.00000e+00 0.00000e+00 0.00000e+00 0.00000e+00 0.00000e+00 0.00000e+00 0.00000e+00 0.00000e+00 0.00000e+00
8.88000e+02 0.00000e+00 1.00525e-07 1.11801e-07 7.10821e-07 1.73518e-06 4.99233e-06 1.39936e-05 1.50259e-05 2.53076e-05 3.34870e-05 4.36617e-05 4.33177e-05 4.77060e-05 4.03153e-05 3.04156e-05 2.20018e-05 1.52402e-05 9.00489e-06 4.83135e-06 2.36764e-06 1.09167e-06 2.84962e-07 1.01285e-07 4.72372e-09 2.06530e-10 0.00000e+00 0.00000e+00 0.00000e+00 0.00000e+00 0.00000e+00 0.00000e+00 0.00000e+00 0.00000e+00 0.00000e+00 0.00000e+00 0.00000e+00 0.00000e+00 0.00000e+00 0.00000e+00 0.00000e+00
9.61000e+02 0.00000e+00 1.11122e-07 9.45314e-08 3.17970e-07 9.35696e-07 8.43449e-06 9.17886e-06 1.61806e-05 2.61481e-05 3.81160e-05 4.25924e-05 4.43026e-05 4.42303e-05 4.00305e-05 3.08298e-05 2.37106e-05 1.71033e-05 1.00850e-05 5.50992e-06 2.93870e-06 1.28796e-06 4.44880e-07 9.26012e-08 8.13663e-09 1.33707e-10 0.00000e+00 0.00000e+00 0.00000e+00 0.00000e+00 0.00000e+00 0.00000e+00 0.00000e+00 0.00000e+00 0.00000e+00 0.00000e+00 0.00000e+00 0.00000e+00 0.00000e+00 0.00000e+00 0.00000e+00
1.04000e+03 0.00000e+00 0.00000e+00 1.67001e-07 6.37893e-07 8.68561e-07 4.97380e-06 9.10564e-06 1.70828e-05 2.50672e-05 3.44410e-05 4.55155e-05 4.32922e-05 4.15183e-05 3.96627e-05 3.41175e-05 2.49305e-05 1.80039e-05 1.13918e-05 6.71022e-06 3.13229e-06 1.48408e-06 4.97005e-07 1.53848e-07 4.26973e-08 3.31047e-10 0.00000e+00 0.00000e+00 0.00000e+00 0.00000e+00 0.00000e+00 0.00000e+00 0.00000e+00 0.00000e+00 0.00000e+00 0.00000e+00 0.00000e+00 0.00000e+00 0.00000e+00 0.00000e+00 0.00000e+00
1.12500e+03 0.00000e+00 9.44829e-08 1.79120e-07 4.53384e-07 2.02232e-06 4.41654e-06 1.05438e-05 1.88604e-05 2.46665e-05 3.72719e-05 4.03528e-05 4.61143e-05 4.65880e-05 4.28601e-05 3.60932e-05 2.66041e-05 2.09715e-05 1.15663e-05 7.04770e-06 3.97334e-06 1.83097e-06 6.66760e-07 2.14020e-07 4.77035e-08 1.55655e-09 2.17067e-12 0.00000e+00 0.00000e+00 0.00000e+00 0.00000e+00 0.00000e+00 0.00000e+00 0.00000e+00 0.00000e+00 0.00000e+00 0.00000e+00 0.00000e+00 0.00000e+00 0.00000e+00 0.00000e+00
1.21800e+03 0.00000e+00 0.00000e+00 1.61306e-07 3.02373e-07 8.67774e-07 3.21347e-06 1.03406e-05 1.41454e-05 2.69588e-05 3.85089e-05 4.66212e-05 4.80029e-05 4.77136e-05 4.32971e-05 3.57322e-05 2.81832e-05 1.93832e-05 1.26803e-05 7.76874e-06 4.13438e-06 1.89302e-06 8.31880e-07 2.79520e-07 5.31676e-08 5.37798e-09 1.86480e-10 0.00000e+00 0.00000e+00 0.00000e+00 0.00000e+00 0.00000e+00 0.00000e+00 0.00000e+00 0.00000e+00 0.00000e+00 0.00000e+00 0.00000e+00 0.00000e+00 0.00000e+00 0.00000e+00
1.31800e+03 0.00000e+00 0.00000e+00 2.36331e-07 2.36493e-07 8.85609e-07 5.05014e-06 8.80617e-06 1.97098e-05 3.09277e-05 4.23731e-05 4.69787e-05 4.50314e-05 4.72980e-05 4.67246e-05 3.73987e-05 2.85610e-05 2.12003e-05 1.37936e-05 9.11293e-06 5.15050e-06 2.36966e-06 1.02413e-06 4.17895e-07 7.46821e-08 9.73198e-09 5.17886e-09 0.00000e+00 0.00000e+00 0.00000e+00 0.00000e+00 0.00000e+00 0.00000e+00 0.00000e+00 0.00000e+00 0.00000e+00 0.00000e+00 0.00000e+00 0.00000e+00 0.00000e+00 0.00000e+00
1.42700e+03 0.00000e+00 7.13104e-08 6.50208e-06 8.86132e-07 1.40197e-06 3.56248e-06 7.13130e-06 1.48095e-05 3.76089e-05 4.15140e-05 4.33955e-05 4.87604e-05 5.23910e-05 4.74816e-05 3.92844e-05 3.19093e-05 2.26294e-05 1.54586e-05 9.37875e-06 5.37658e-06 2.64244e-06 1.31484e-06 5.57122e-07 1.43322e-07 1.56843e-08 7.07357e-10 0.00000e+00 0.00000e+00 0.00000e+00 0.00000e+00 0.00000e+00 0.00000e+00 0.00000e+00 0.00000e+00 0.00000e+00 0.00000e+00 0.00000e+00 0.00000e+00 0.00000e+00 0.00000e+00
1.54400e+03 3.00141e-06 4.18523e-08 2.38617e-07 5.12994e-06 3.34530e-06 4.17242e-06 1.29708e-05 2.06105e-05 2.64408e-05 3.99580e-05 4.87881e-05 5.33173e-05 5.46700e-05 4.89470e-05 4.08022e-05 3.35056e-05 2.51460e-05 1.75993e-05 1.03831e-05 5.55770e-06 3.01856e-06 1.44100e-06 5.40511e-07 1.55374e-07 3.30854e-08 1.41814e-09 0.00000e+00 0.00000e+00 0.00000e+00 0.00000e+00 0.00000e+00 0.00000e+00 0.00000e+00 0.00000e+00 0.00000e+00 0.00000e+00 0.00000e+00 0.00000e+00 0.00000e+00 0.00000e+00
1.67100e+03 0.00000e+00 0.00000e+00 1.77628e-08 6.71411e-07 7.98911e-07 9.56179e-06 7.81975e-06 1.81825e-05 3.02294e-05 4.17246e-05 5.09998e-05 5.42473e-05 5.55995e-05 4.80504e-05 4.07116e-05 3.39050e-05 2.55004e-05 1.66721e-05 1.13531e-05 6.97924e-06 3.24151e-06 1.55963e-06 6.31728e-07 2.22709e-07 4.53602e-08 4.63799e-09 1.84348e-10 0.00000e+00 0.00000e+00 0.00000e+00 0.00000e+00 0.00000e+00 0.00000e+00 0.00000e+00 0.00000e+00 0.00000e+00 0.00000e+00 0.00000e+00 0.00000e+00 0.00000e+00
1.80800e+03 0.00000e+00 1.44985e-07 1.00838e-07 6.56343e-07 2.64941e-06 2.04807e-06 8.96592e-06 1.54629e-05 3.31318e-05 4.47364e-05 4.73523e-05 5.19739e-05 5.60605e-05 5.08151e-05 4.26790e-05 3.22422e-05 2.67931e-05 1.81709e-05 1.14935e-05 7.07608e-06 4.16700e-06 1.96279e-06 8.49874e-07 3.17875e-07 7.65088e-08 1.43967e-08 2.64636e-10 0.00000e+00 0.00000e+00 0.00000e+00 0.00000e+00 0.00000e+00 0.00000e+00 0.00000e+00 0.00000e+00 0.00000e+00 0.00000e+00 0.00000e+00 0.00000e+00 0.00000e+00
1.95700e+03 0.00000e+00 0.00000e+00 1.07863e-07 5.34575e-07 1.41010e-06 4.88558e-06 1.25181e-05 2.19395e-05 2.80472e-05 4.51580e-05 4.90540e-05 5.62258e-05 5.82273e-05 5.26287e-05 4.55036e-05 3.73208e-05 2.86168e-05 1.96941e-05 1.30122e-05 7.95547e-06 4.43258e-06 1.86231e-06 8.88782e-07 3.97427e-07 8.77184e-08 1.42973e-08 9.33242e-10 0.00000e+00 0.00000e+00 0.00000e+00 0.00000e+00 0.00000e+00 0.00000e+00 0.00000e+00 0.00000e+00 0.00000e+00 0.00000e+00 0.00000e+00 0.00000e+00 0.00000e+00
2.11800e+03 0.00000e+00 3.35789e-07 9.46593e-08 3.24203e-07 1.14332e-06 4.03963e-06 9.51196e-06 1.77414e-05 2.94592e-05 4.21490e-05 5.34218e-05 5.56157e-05 5.23939e-05 5.09272e-05 4.99898e-05 3.74799e-05 3.12729e-05 2.15366e-05 1.44639e-05 8.74530e-06 5.37192e-06 2.50999e-06 1.10726e-06 4.04434e-07 1.40169e-07 3.22825e-08 2.93206e-09 2.19728e-11 0.00000e+00 0.00000e+00 0.00000e+00 0.00000e+00 0.00000e+00 0.00000e+00 0.00000e+00 0.00000e+00 0.00000e+00 0.00000e+00 0.00000e+00 0.00000e+00
2.29200e+03 0.00000e+00 1.06634e-07 1.37005e-06 1.19940e-06 1.52341e-06 4.72880e-06 9.68699e-06 1.84077e-05 3.25220e-05 4.03349e-05 5.16777e-05 5.47313e-05 5.43346e-05 5.22361e-05 4.60368e-05 4.05748e-05 3.02202e-05 2.23220e-05 1.56305e-05 9.22988e-06 5.06309e-06 2.76859e-06 1.41603e-06 4.98338e-07 1.68230e-07 4.67049e-08 3.95084e-09 2.81976e-10 0.00000e+00 0.00000e+00 0.00000e+00 0.00000e+00 0.00000e+00 0.00000e+00 0.00000e+00 0.00000e+00 0.00000e+00 0.00000e+00 0.00000e+00 0.00000e+00
2.48100e+03 0.00000e+00 0.00000e+00 4.15890e-06 5.63939e-06 1.79128e-06 2.65916e-06 1.45927e-05 1.92182e-05 3.28543e-05 4.74044e-05 5.00975e-05 5.90751e-05 6.02119e-05 5.43336e-05 4.93151e-05 4.27166e-05 3.22641e-05 2.31847e-05 1.61752e-05 9.73229e-06 6.13454e-06 2.97037e-06 1.58980e-06 7.44654e-07 2.64832e-07 6.69599e-08 1.30206e-08 1.77454e-10 0.00000e+00 0.00000e+00 0.00000e+00 0.00000e+00 0.00000e+00 0.00000e+00 0.00000e+00 0.00000e+00 0.00000e+00 0.00000e+00 0.00000e+00 0.00000e+00
2.68500e+03 0.00000e+00 1.18356e-07 2.25385e-07 3.26024e-07 1.71085e-06 4.39243e-06 1.40947e-05 2.19965e-05 3.07240e-05 4.16102e-05 5.08855e-05 5.67734e-05 5.72958e-05 5.86894e-05 5.10307e-05 4.33148e-05 3.40600e-05 2.44196e-05 1.63205e-05 1.11911e-05 6.36438e-06 3.51979e-06 1.88344e-06 7.75707e-07 3.57838e-07 8.35466e-08 2.04649e-08 8.35948e-10 0.00000e+00 0.00000e+00 0.00000e+00 0.00000e+00 0.00000e+00 0.00000e+00 0.00000e+00 0.00000e+00 0.00000e+00 0.00000e+00 0.00000e+00 0.00000e+00
2.90600e+03 1.31882e-06 0.00000e+00 2.31547e-07 7.30880e-07 3.68530e-06 3.06255e-06 1.49449e-05 1.89348e-05 2.90725e-05 4.55994e-05 5.34248e-05 6.51327e-05 5.85500e-05 5.83292e-05 4.99157e-05 4.11202e-05 3.56222e-05 2.63150e-05 1.76141e-05 1.15387e-05 7.25773e-06 3.87983e-06 2.16945e-06 9.41927e-07 3.55071e-07 1.15352e-07 2.54640e-08 1.47077e-09 9.10119e-11 0.00000e+00 0.00000e+00 0.00000e+00 0.00000e+00 0.00000e+00 0.00000e+00 0.00000e+00 0.00000e+00 0.00000e+00 0.00000e+00 0.00000e+00
3.14500e+03 0.00000e+00 5.79942e-08 4.31426e-07 6.24860e-06 7.49101e-06 4.36774e-06 9.85410e-06 1.81896e-05 3.35364e-05 4.68315e-05 5.75400e-05 6.23895e-05 5.95520e-05 5.63184e-05 5.13272e-05 4.66942e-05 3.62202e-05 2.74117e-05 1.86198e-05 1.22846e-05 7.49703e-06 4.30136e-06 2.35721e-06 1.06917e-06 4.97554e-07 1.62560e-07 4.45313e-08 6.05409e-09 1.21636e-10 0.00000e+00 0.00000e+00 0.00000e+00 0.00000e+00 0.00000e+00 0.00000e+00 0.00000e+00 0.00000e+00 0.00000e+00 0.00000e+00 0.00000e+00
3.40400e+03 0.00000e+00 6.78884e-08 4.86255e-07 2.18991e-06 2.67335e-06 4.88521e-06 1.03321e-05 1.97381e-05 3.78366e-05 4.99801e-05 5.60084e-05 6.34152e-05 6.43640e-05 6.14518e-05 5.83540e-05 4.77807e-05 3.88845e-05 2.75319e-05 1.90166e-05 1.39885e-05 8.09819e-06 4.67092e-06 2.63985e-06 1.19308e-06 5.65607e-07 2.13707e-07 4.73082e-08 4.17340e-09 1.82548e-10 0.00000e+00 0.00000e+00 0.00000e+00 0.00000e+00 0.00000e+00 0.00000e+00 0.00000e+00 0.00000e+00 0.00000e+00 0.00000e+00 0.00000e+00
3.68400e+03 0.00000e+00 4.44578e-07 3.08089e-07 3.39781e-07 1.26828e-06 4.74036e-06 9.38288e-06 2.82867e-05 2.89602e-05 4.15268e-05 5.59860e-05 5.71071e-05 6.64556e-05 6.10808e-05 5.81202e-05 5.13991e-05 3.94003e-05 2.99686e-05 2.09867e-05 1.47812e-05 8.75931e-06 5.34309e-06 2.71103e-06 1.39845e-06 6.57012e-07 2.22280e-07 8.60218e-08 1.56879e-08 2.94533e-09 2.53170e-12 0.00000e+00 0.00000e+00 0.00000e+00 0.00000e+00 0.00000e+00 0.00000e+00 0.00000e+00 0.00000e+00 0.00000e+00 0.00000e+00
3.98600e+03 1.69707e-07 0.00000e+00 0.00000e+00 6.62274e-07 8.08402e-07 4.49015e-06 1.49311e-05 1.65941e-05 4.51552e-05 4.56304e-05 5.56811e-05 5.99575e-05 7.03657e-05 6.08684e-05 5.70475e-05 5.29277e-05 4.03007e-05 2.99174e-05 2.19500e-05 1.50682e-05 1.00464e-05 5.75048e-06 2.95685e-06 1.58378e-06 8.27974e-07 3.07664e-07 9.52258e-08 2.81657e-08 1.29418e-09 1.34762e-10 0.00000e+00 0.00000e+00 0.00000e+00 0.00000e+00 0.00000e+00 0.00000e+00 0.00000e+00 0.00000e+00 0.00000e+00 0.00000e+00
4.31400e+03 0.00000e+00 1.26357e-07 3.69170e-07 5.79115e-06 9.37686e-07 4.57264e-06 1.24817e-05 2.19319e-05 3.54763e-05 4.26871e-05 5.51114e-05 6.41986e-05 6.43616e-05 6.77271e-05 5.83403e-05 5.12976e-05 3.99827e-05 3.11318e-05 2.37154e-05 1.63325e-05 9.80755e-06 6.95598e-06 3.45041e-06 1.90404e-06 8.66286e-07 4.55422e-07 1.43974e-07 2.63210e-08 2.96029e-09 1.18773e-10 0.00000e+00 0.00000e+00 0.00000e+00 0.00000e+00 0.00000e+00 0.00000e+00 0.00000e+00 0.00000e+00 0.00000e+00 0.00000e+00
4.66900e+03 6.36735e-08 0.00000e+00 2.20717e-08 8.64956e-06 3.17238e-06 4.17017e-06 1.12078e-05 2.39871e-05 3.34325e-05 5.06368e-05 5.24464e-05 6.25704e-05 6.69706e-05 6.81315e-05 6.22837e-05 5.43318e-05 4.25040e-05 3.48610e-05 2.42345e-05 1.67137e-05 1.07929e-05 6.84181e-06 3.94001e-06 2.04694e-06 1.01093e-06 5.00762e-07 1.45615e-07 4.15991e-08 7.65818e-09 2.37182e-10 0.00000e+00 0.00000e+00 0.00000e+00 0.00000e+00 0.00000e+00 0.00000e+00 0.00000e+00 0.00000e+00 0.00000e+00 0.00000e+00
5.05300e+03 0.00000e+00 0.00000e+00 2.32915e-07 4.67357e-07 1.55737e-06 6.91683e-06 1.58755e-05 1.68307e-05 3.77867e-05 5.46555e-05 4.96612e-05 6.52864e-05 7.00282e-05 6.44988e-05 6.09952e-05 5.75843e-05 4.50178e-05 3.53280e-05 2.59635e-05 1.76685e-05 1.20069e-05 7.44545e-06 4.19833e-06 2.46892e-06 1.14680e-06 5.13259e-07 2.02023e-07 7.07413e-08 1.48079e-08 6.67198e-10 3.37305e-11 0.00000e+00 0.00000e+00 0.00000e+00 0.00000e+00 0.00000e+00 0.00000e+00 0.00000e+00 0.00000e+00 0.00000e+00
5.46900e+03 0.00000e+00 2.29883e-07 1.07633e-06 3.47802e-07 6.31636e-06 6.27185e-06 1.29653e-05 2.56320e-05 3.80881e-05 5.06194e-05 6.01744e-05 6.28081e-05 6.98054e-05 7.00131e-05 6.50878e-05 5.50970e-05 4.47318e-05 3.56124e-05 2.63098e-05 1.95343e-05 1.28012e-05 8.58920e-06 4.80082e-06 2.64577e-06 1.26632e-06 5.73196e-07 2.67833e-07 6.90060e-08 1.77286e-08 1.22282e-09 3.70970e-11 0.00000e+00 0.00000e+00 0.00000e+00 0.00000e+00 0.00000e+00 0.00000e+00 0.00000e+00 0.00000e+00 0.00000e+00
5.91900e+03 9.26842e-08 0.00000e+00 0.00000e+00 5.45983e-07 1.67908e-06 5.28643e-06 7.02579e-06 2.76449e-05 3.41556e-05 5.63310e-05 5.72007e-05 7.05288e-05 6.81953e-05 7.40142e-05 6.19345e-05 5.90284e-05 4.80464e-05 3.77250e-05 2.56202e-05 1.93731e-05 1.36971e-05 9.02814e-06 4.86718e-06 3.13832e-06 1.36812e-06 7.58827e-07 2.70295e-07 1.01541e-07 3.84264e-08 5.22516e-09 5.58397e-11 0.00000e+00 0.00000e+00 0.00000e+00 0.00000e+00 0.00000e+00 0.00000e+00 0.00000e+00 0.00000e+00 0.00000e+00
6.40500e+03 0.00000e+00 0.00000e+00 2.02613e-07 6.42379e-07 2.33390e-06 6.63773e-06 1.50143e-05 1.85110e-05 3.87576e-05 4.82884e-05 6.05176e-05 7.06066e-05 7.23069e-05 7.46208e-05 6.39195e-05 5.97704e-05 4.64767e-05 3.90251e-05 2.98535e-05 2.04292e-05 1.41716e-05 9.29342e-06 5.65244e-06 3.20713e-06 1.74368e-06 7.87921e-07 3.52949e-07 1.29097e-07 3.14043e-08 6.70230e-09 1.10998e-09 0.00000e+00 0.00000e+00 0.00000e+00 0.00000e+00 0.00000e+00 0.00000e+00 0.00000e+00 0.00000e+00 0.00000e+00
6.93200e+03 0.00000e+00 4.45727e-08 1.07086e-07 2.74162e-07 4.88786e-06 7.32199e-06 1.89196e-05 2.70589e-05 3.86236e-05 5.37420e-05 5.59805e-05 7.35036e-05 7.05359e-05 7.36008e-05 6.56690e-05 5.79393e-05 4.82921e-05 4.00010e-05 2.94318e-05 2.23501e-05 1.49976e-05 1.00926e-05 6.04411e-06 3.46829e-06 1.82285e-06 9.39503e-07 3.91143e-07 1.68291e-07 5.73000e-08 7.53228e-09 7.74433e-10 3.69114e-12 0.00000e+00 0.00000e+00 0.00000e+00 0.00000e+00 0.00000e+00 0.00000e+00 0.00000e+00 0.00000e+00
7.50200e+03 0.00000e+00 0.00000e+00 2.26804e-07 3.12675e-07 2.19789e-06 1.28574e-05 1.42460e-05 1.74954e-05 3.55422e-05 5.24893e-05 6.18721e-05 7.55710e-05 8.04156e-05 7.34560e-05 6.64622e-05 6.02769e-05 5.12715e-05 3.99535e-05 3.14493e-05 2.33577e-05 1.59235e-05 1.07272e-05 6.48978e-06 3.91739e-06 2.09303e-06 1.05633e-06 4.34647e-07 2.20687e-07 7.28794e-08 1.43219e-08 1.85400e-09 5.86972e-11 0.00000e+00 0.00000e+00 0.00000e+00 0.00000e+00 0.00000e+00 0.00000e+00 0.00000e+00 0.00000e+00
8.11900e+03 0.00000e+00 0.00000e+00 1.37992e-07 6.62426e-07 1.10459e-06 4.21901e-06 1.74513e-05 2.88039e-05 4.08308e-05 5.08296e-05 6.30044e-05 6.55383e-05 7.48226e-05 7.33098e-05 7.00524e-05 5.87803e-05 5.20201e-05 4.27480e-05 3.13385e-05 2.38807e-05 1.69547e-05 1.12667e-05 7.15981e-06 4.18905e-06 2.28240e-06 1.11949e-06 5.53577e-07 2.25620e-07 9.49055e-08 1.88236e-08 4.31598e-09 3.35906e-10 0.00000e+00 0.00000e+00 0.00000e+00 0.00000e+00 0.00000e+00 0.00000e+00 0.00000e+00 0.00000e+00
8.78700e+03 0.00000e+00 0.00000e+00 3.04805e-07 1.81003e-07 1.48534e-06 1.13365e-05 1.19467e-05 2.29315e-05 4.03285e-05 5.14948e-05 6.36777e-05 7.46310e-05 7.16531e-05 7.49149e-05 6.95625e-05 6.55711e-05 5.53189e-05 4.34125e-05 3.25503e-05 2.52435e-05 1.68521e-05 1.19158e-05 7.27937e-06 4.50243e-06 2.53024e-06 1.36011e-06 6.52433e-07 2.49591e-07 9.00404e-08 3.20264e-08 3.31085e-09 4.17782e-10 0.00000e+00 0.00000e+00 0.00000e+00 0.00000e+00 0.00000e+00 0.00000e+00 0.00000e+00 0.00000e+00
9.51000e+03 6.75211e-08 1.12470e-07 1.43885e-07 4.07765e-07 1.21934e-06 7.65171e-06 1.14292e-05 2.65684e-05 4.05893e-05 4.78589e-05 6.16401e-05 6.90662e-05 7.38223e-05 7.77190e-05 6.95237e-05 6.41359e-05 5.48106e-05 4.37533e-05 3.44571e-05 2.64508e-05 1.89407e-05 1.30023e-05 8.44946e-06 4.86521e-06 3.07976e-06 1.48952e-06 7.78643e-07 3.14530e-07 1.26046e-07 4.09387e-08 1.45971e-08 1.69732e-09 3.87579e-12 0.00000e+00 0.00000e+00 0.00000e+00 0.00000e+00 0.00000e+00 0.00000e+00 0.00000e+00
1.02920e+04 0.00000e+00 0.00000e+00 4.10326e-07 7.07012e-07 1.27096e-06 5.96348e-06 1.30516e-05 2.09695e-05 3.71334e-05 5.32490e-05 6.02974e-05 7.86183e-05 8.06123e-05 7.80102e-05 7.35289e-05 6.93328e-05 5.62166e-05 4.78348e-05 3.47325e-05 2.61911e-05 1.98126e-05 1.30860e-05 8.49642e-06 5.43901e-06 3.02119e-06 1.56807e-06 8.93483e-07 3.85275e-07 1.55797e-07 4.68623e-08 1.38807e-08 1.15531e-09 1.74832e-11 0.00000e+00 0.00000e+00 0.00000e+00 0.00000e+00 0.00000e+00 0.00000e+00 0.00000e+00
1.11380e+04 0.00000e+00 1.31223e-07 4.99493e-06 4.62729e-07 6.80721e-06 5.23510e-06 1.18077e-05 2.88199e-05 3.73284e-05 5.45776e-05 6.90041e-05 8.03328e-05 8.12966e-05 7.85899e-05 7.19694e-05 6.84121e-05 5.99437e-05 4.67789e-05 3.71500e-05 2.82913e-05 1.97789e-05 1.35570e-05 9.67998e-06 5.75307e-06 3.38283e-06 1.86349e-06 9.32837e-07 4.57699e-07 2.16778e-07 6.95244e-08 1.62653e-08 3.27724e-09 1.16026e-10 0.00000e+00 0.00000e+00 0.00000e+00 0.00000e+00 0.00000e+00 0.00000e+00 0.00000e+00
1.20540e+04 0.00000e+00 0.00000e+00 5.68368e-07 7.37677e-07 1.45799e-06 8.00767e-06 8.35555e-06 1.94379e-05 3.69146e-05 5.17637e-05 6.44650e-05 7.24639e-05 8.08613e-05 8.39306e-05 7.60383e-05 6.97871e-05 5.82597e-05 4.90485e-05 3.84548e-05 2.88963e-05 2.10039e-05 1.40838e-05 9.19200e-06 6.11670e-06 3.78306e-06 2.04264e-06 1.12487e-06 5.36673e-07 2.25803e-07 9.44863e-08 2.43489e-08 5.40519e-09 4.98737e-10 0.00000e+00 0.00000e+00 0.00000e+00 0.00000e+00 0.00000e+00 0.00000e+00 0.00000e+00
1.30460e+04 0.00000e+00 8.29667e-08 1.78478e-07 4.38900e-07 1.39124e-06 7.99055e-06 1.73816e-05 2.85595e-05 4.07223e-05 5.70876e-05 6.44068e-05 7.49473e-05 8.60203e-05 8.43386e-05 7.94892e-05 7.21740e-05 6.03957e-05 4.97932e-05 3.98155e-05 2.95205e-05 2.15461e-05 1.49568e-05 1.05328e-05 6.62959e-06 3.89866e-06 2.26853e-06 1.17315e-06 6.14856e-07 2.71051e-07 9.76672e-08 4.19288e-08 7.94271e-09 4.36225e-10 1.34090e-11 0.00000e+00 0.00000e+00 0.00000e+00 0.00000e+00 0.00000e+00 0.00000e+00
1.41190e+04 0.00000e+00 0.00000e+00 1.84664e-07 3.35392e-07 6.22095e-06 1.31819e-05 1.23587e-05 3.26252e-05 4.38034e-05 4.97917e-05 7.71891e-05 7.65556e-05 8.19850e-05 8.57392e-05 7.61172e-05 7.01207e-05 5.84013e-05 5.21194e-05 4.01117e-05 2.94882e-05 2.24151e-05 1.54514e-05 1.10987e-05 6.96276e-06 4.19302e-06 2.52080e-06 1.34836e-06 6.38192e-07 2.82112e-07 1.30002e-07 3.94768e-08 1.05988e-08 1.67105e-09 2.87524e-10 0.00000e+00 0.00000e+00 0.00000e+00 0.00000e+00 0.00000e+00 0.00000e+00
1.52800e+04 0.00000e+00 1.11270e-07 4.14586e-07 6.47215e-07 2.26115e-06 7.04178e-06 1.05522e-05 2.89736e-05 4.35867e-05 5.45566e-05 7.21375e-05 7.40698e-05 8.91377e-05 8.43924e-05 7.91611e-05 7.35324e-05 6.24890e-05 5.45571e-05 4.19313e-05 3.19716e-05 2.28433e-05 1.68623e-05 1.11770e-05 7.31519e-06 4.39404e-06 2.72119e-06 1.52498e-06 7.60838e-07 3.32771e-07 1.56387e-07 5.49353e-08 1.58824e-08 3.58722e-09 7.10471e-11 2.05658e-13 0.00000e+00 0.00000e+00 0.00000e+00 0.00000e+00 0.00000e+00
1.65360e+04 0.00000e+00 1.05196e-07 7.99431e-09 1.05567e-06 4.84826e-06 6.23314e-06 1.40042e-05 2.66784e-05 4.82107e-05 5.78969e-05 6.89041e-05 7.75854e-05 8.20888e-05 8.61927e-05 8.43374e-05 7.63941e-05 6.59106e-05 5.37441e-05 4.31499e-05 3.33839e-05 2.47526e-05 1.70629e-05 1.18589e-05 8.15829e-06 4.98794e-06 2.87071e-06 1.67288e-06 8.66234e-07 4.13854e-07 1.90031e-07 6.59268e-08 2.18746e-08 3.84593e-09 3.40296e-10 1.42295e-13 0.00000e+00 0.00000e+00 0.00000e+00 0.00000e+00 0.00000e+00
1.78960e+04 0.00000e+00 5.81174e-07 2.29118e-07 5.23682e-07 6.56975e-06 8.22033e-06 1.04150e-05 3.32950e-05 4.21217e-05 5.61621e-05 7.04518e-05 7.81843e-05 7.91356e-05 8.92472e-05 8.16441e-05 7.15487e-05 6.54665e-05 5.53823e-05 4.30549e-05 3.37612e-05 2.54580e-05 1.82172e-05 1.23485e-05 8.13004e-06 5.34279e-06 3.35503e-06 1.83155e-06 9.66596e-07 4.38306e-07 2.23098e-07 8.46776e-08 3.02778e-08 4.54561e-09 3.96979e-10 4.81166e-12 0.00000e+00 0.00000e+00 0.00000e+00 0.00000e+00 0.00000e+00
1.93680e+04 0.00000e+00 0.00000e+00 9.27954e-07 2.61126e-06 1.20606e-06 1.01854e-05 1.50113e-05 3.45402e-05 4.92307e-05 6.22916e-05 6.57673e-05 8.72298e-05 8.08755e-05 8.97696e-05 8.51479e-05 7.71627e-05 6.60808e-05 6.02434e-05 4.70168e-05 3.34681e-05 2.61851e-05 1.88540e-05 1.32375e-05 9.15550e-06 5.76619e-06 3.35099e-06 2.13305e-06 1.04261e-06 5.60929e-07 2.35239e-07 1.00411e-07 3.68350e-08 8.09737e-09 1.83824e-09 2.94046e-11 0.00000e+00 0.00000e+00 0.00000e+00 0.00000e+00 0.00000e+00
2.09610e+04 2.69892e-07 3.60372e-07 3.98635e-07 1.32387e-06 2.04792e-06 1.15393e-05 1.63244e-05 2.47805e-05 3.71421e-05 4.79956e-05 8.76322e-05 7.97521e-05 9.10522e-05 8.86767e-05 9.59216e-05 7.97027e-05 6.98950e-05 5.60850e-05 4.61236e-05 3.49928e-05 2.67936e-05 1.97485e-05 1.32244e-05 9.72561e-06 5.96244e-06 3.83060e-06 2.12172e-06 1.23233e-06 5.74327e-07 2.91794e-07 1.23822e-07 4.02040e-08 1.38275e-08 2.03398e-09 1.99334e-10 0.00000e+00 0.00000e+00 0.00000e+00 0.00000e+00 0.00000e+00
2.26850e+04 0.00000e+00 2.94529e-07 2.76056e-07 3.27653e-06 1.78252e-06 1.66199e-05 1.11219e-05 2.74488e-05 5.08187e-05 6.36903e-05 7.09738e-05 9.30840e-05 8.66608e-05 8.77824e-05 8.59018e-05 8.39892e-05 6.84317e-05 5.80092e-05 5.00681e-05 3.79129e-05 2.84747e-05 2.02063e-05 1.40738e-05 1.01321e-05 6.44752e-06 4.03587e-06 2.33049e-06 1.34466e-06 6.86420e-07 3.64208e-07 1.25625e-07 5.45795e-08 1.54403e-08 4.13040e-09 1.17602e-10 7.85608e-12 0.00000e+00 0.00000e+00 0.00000e+00 0.00000e+00
2.45500e+04 0.00000e+00 0.00000e+00 4.81694e-07 1.47020e-07 2.13811e-06 8.98111e-06 1.73314e-05 2.90685e-05 5.11118e-05 6.37286e-05 7.00727e-05 9.15453e-05 9.06861e-05 9.19066e-05 9.44733e-05 8.13008e-05 6.69881e-05 6.15476e-05 4.91739e-05 3.87102e-05 2.93869e-05 2.15113e-05 1.47736e-05 1.04501e-05 7.15598e-06 4.38732e-06 2.55166e-06 1.44543e-06 7.63008e-07 3.68222e-07 2.02195e-07 6.77827e-08 2.51283e-08 4.07721e-09 6.65134e-10 2.85786e-11 0.00000e+00 0.00000e+00 0.00000e+00 0.00000e+00
2.65690e+04 0.00000e+00 0.00000e+00 2.80548e-07 7.32046e-07 2.40112e-06 1.10093e-05 1.56491e-05 2.04860e-05 3.18753e-05 5.26331e-05 6.69932e-05 8.59315e-05 9.29680e-05 9.48989e-05 8.80788e-05 8.84069e-05 7.26223e-05 6.08916e-05 5.18278e-05 3.86608e-05 2.97472e-05 2.24993e-05 1.53624e-05 1.09851e-05 7.11186e-06 4.77234e-06 3.03340e-06 1.54013e-06 8.90090e-07 4.47286e-07 2.13077e-07 8.08383e-08 2.37019e-08 5.27014e-09 8.58421e-10 4.95614e-11 0.00000e+00 0.00000e+00 0.00000e+00 0.00000e+00
2.87540e+04 9.27809e-07 0.00000e+00 8.05085e-08 4.33832e-07 1.46455e-06 9.86806e-06 1.47777e-05 3.11243e-05 4.51597e-05 5.83765e-05 7.43976e-05 8.26875e-05 9.73635e-05 9.57112e-05 9.27031e-05 8.73688e-05 7.77208e-05 6.45376e-05 5.05976e-05 3.96855e-05 3.02927e-05 2.24976e-05 1.60417e-05 1.15027e-05 7.47687e-06 4.85917e-06 3.07717e-06 1.82509e-06 9.09007e-07 4.65750e-07 2.41492e-07 9.53343e-08 4.72377e-08 8.79984e-09 8.33392e-10 1.18752e-10 0.00000e+00 0.00000e+00 0.00000e+00 0.00000e+00
3.11190e+04 0.00000e+00 0.00000e+00 0.00000e+00 1.26870e-06 3.14248e-06 6.95599e-06 1.42017e-05 1.88417e-05 4.62333e-05 6.75723e-05 7.25916e-05 8.86200e-05 9.74850e-05 9.43731e-05 9.51145e-05 9.05002e-05 7.65352e-05 6.33910e-05 5.22477e-05 4.02336e-05 3.18587e-05 2.34542e-05 1.66738e-05 1.21192e-05 8.45379e-06 5.50472e-06 3.32136e-06 1.94518e-06 1.06851e-06 6.09589e-07 2.53945e-07 1.19379e-07 4.19521e-08 1.09657e-08 2.03188e-09 1.55123e-10 2.04145e-11 0.00000e+00 0.00000e+00 0.00000e+00
3.36780e+04 0.00000e+00 9.17724e-08 3.13831e-07 4.67433e-07 1.08767e-05 4.68694e-06 2.51410e-05 2.92193e-05 4.48764e-05 5.61317e-05 8.97103e-05 8.33772e-05 9.40385e-05 1.00404e-04 9.96785e-05 8.62095e-05 7.89970e-05 6.31696e-05 5.40932e-05 4.41757e-05 3.21300e-05 2.41985e-05 1.80224e-05 1.21139e-05 8.61303e-06 5.48804e-06 3.63221e-06 2.11411e-06 1.13039e-06 5.55655e-07 3.04038e-07 1.16110e-07 5.47036e-08 1.91456e-08 3.06595e-09 2.14846e-10 1.91881e-11 0.00000e+00 0.00000e+00 0.00000e+00
3.64480e+04 0.00000e+00 2.24698e-07 3.01831e-07 1.24139e-05 4.62760e-06 5.42893e-06 1.76127e-05 2.69612e-05 4.53653e-05 7.21612e-05 8.20639e-05 9.44577e-05 9.57461e-05 9.36731e-05 9.96931e-05 8.93302e-05 7.76788e-05 7.05669e-05 5.60434e-05 4.31884e-05 3.40790e-05 2.57262e-05 1.76652e-05 1.28286e-05 8.85861e-06 5.92671e-06 3.70777e-06 2.34257e-06 1.25506e-06 6.88822e-07 3.43674e-07 1.47313e-07 6.49595e-08 1.81520e-08 4.76132e-09 5.08708e-10 5.95827e-11 0.00000e+00 0.00000e+00 0.00000e+00
3.94450e+04 0.00000e+00 1.99660e-07 0.00000e+00 5.90283e-07 1.39974e-06 9.47803e-06 1.59103e-05 3.91316e-05 5.55634e-05 6.91922e-05 8.79284e-05 8.10659e-05 1.07125e-04 9.71499e-05 9.61004e-05 9.34299e-05 7.80506e-05 6.82236e-05 5.67733e-05 4.58607e-05 3.46488e-05 2.68189e-05 1.96372e-05 1.38018e-05 9.62465e-06 6.28702e-06 3.89032e-06 2.37525e-06 1.41453e-06 7.59570e-07 3.91024e-07 1.70226e-07 7.59666e-08 2.67721e-08 8.55926e-09 1.63371e-09 1.47661e-10 4.65051e-12 0.00000e+00 0.00000e+00
4.26890e+04 0.00000e+00 0.00000e+00 6.10994e-09 1.48182e-07 3.09274e-06 4.03645e-06 2.51715e-05 3.91191e-05 5.10596e-05 6.01957e-05 7.99578e-05 9.50226e-05 1.01153e-04 1.03956e-04 9.23092e-05 9.29404e-05 7.85551e-05 6.93842e-05 5.59825e-05 4.83259e-05 3.62046e-05 2.65812e-05 1.92870e-05 1.33522e-05 9.89808e-06 6.72094e-06 4.48180e-06 2.72277e-06 1.43565e-06 8.87852e-07 4.35187e-07 2.36373e-07 8.93099e-08 2.83551e-08 8.64681e-09 2.51056e-09 1.58232e-10 2.23242e-12 0.00000e+00 0.00000e+00
4.62000e+04 0.00000e+00 0.00000e+00 2.58774e-07 4.24727e-07 4.87243e-06 4.22145e-06 1.41944e-05 2.77063e-05 4.27152e-05 6.89818e-05 8.78611e-05 9.28846e-05 1.08950e-04 9.76823e-05 1.06379e-04 9.74239e-05 8.53796e-05 7.44041e-05 6.03599e-05 4.60956e-05 3.67409e-05 2.89826e-05 1.96575e-05 1.51580e-05 1.01234e-05 6.97768e-06 4.62774e-06 2.94259e-06 1.66990e-06 9.51254e-07 5.77195e-07 2.27739e-07 1.11744e-07 4.64847e-08 1.72877e-08 4.86050e-09 3.97780e-10 3.81311e-12 0.00000e+00 0.00000e+00
4.99990e+04 0.00000e+00 0.00000e+00 2.34159e-07 1.14336e-06 6.55359e-06 5.20462e-06 1.44296e-05 3.18456e-05 5.52721e-05 6.91380e-05 8.18205e-05 9.41570e-05 1.01995e-04 1.04189e-04 1.06512e-04 9.10908e-05 8.88031e-05 7.10093e-05 6.18656e-05 4.79960e-05 3.76208e-05 2.87537e-05 2.09381e-05 1.49957e-05 1.12464e-05 7.50467e-06 4.86371e-06 2.98771e-06 1.79002e-06 1.05040e-06 5.83825e-07 2.63361e-07 1.37756e-07 5.06334e-08 2.12574e-08 6.26215e-09 4.78224e-10 8.77826e-12 1.63323e-13 0.00000e+00
