0.00000e+00 2.01255e+00 2.99533e+00 4.45801e+00 6.63494e+00 9.87491e+00 1.46970e+01 2.18738e+01 3.25552e+01 4.84526e+01 7.21129e+01 1.07327e+02 1.59737e+02 2.37739e+02 3.53832e+02 5.26615e+02 7.83771e+02 1.16650e+03 1.73613e+03 2.58391e+03 3.84568e+03
3.00000e+01 4.15566e-11 3.68741e-10 1.61824e-09 2.22297e-09 9.43007e-10 2.81675e-13 0.00000e+00 0.00000e+00 0.00000e+00 0.00000e+00 0.00000e+00 0.00000e+00 0.00000e+00 0.00000e+00 0.00000e+00 0.00000e+00 0.00000e+00 0.00000e+00 0.00000e+00 0.00000e+00
3.50000e+01 3.68898e-11 3.95164e-10 2.22251e-09 2.76788e-09 1.78639e-09 2.08689e-10 0.00000e+00 0.00000e+00 0.00000e+00 0.00000e+00 0.00000e+00 0.00000e+00 0.00000e+00 0.00000e+00 0.00000e+00 0.00000e+00 0.00000e+00 0.00000e+00 0.00000e+00 0.00000e+00
4.00000e+01 5.16696e-11 1.06308e-09 1.67054e-09 3.59611e-09 2.84350e-09 5.00015e-10 7.37821e-15 0.00000e+00 0.00000e+00 0.00000e+00 0.00000e+00 0.00000e+00 0.00000e+00 0.00000e+00 0.00000e+00 0.00000e+00 0.00000e+00 0.00000e+00 0.00000e+00 0.00000e+00
4.50000e+01 9.68187e-11 5.13623e-10 1.87032e-09 2.73392e-09 3.01469e-09 1.50956e-09 2.91646e-11 0.00000e+00 0.00000e+00 0.00000e+00 0.00000e+00 0.00000e+00 0.00000e+00 0.00000e+00 0.00000e+00 0.00000e+00 0.00000e+00 0.00000e+00 0.00000e+00 0.00000e+00
5.00000e+01 1.65500e-13 9.58104e-10 2.51905e-09 5.97171e-09 3.63630e-09 2.53068e-09 2.01535e-10 0.00000e+00 0.00000e+00 0.00000e+00 0.00000e+00 0.00000e+00 0.00000e+00 0.00000e+00 0.00000e+00 0.00000e+00 0.00000e+00 0.00000e+00 0.00000e+00 0.00000e+00
5.50000e+01 1.94527e-10 1.10992e-10 1.92348e-09 3.40274e-09 3.42679e-09 1.96636e-09 3.50466e-10 0.00000e+00 0.00000e+00 0.00000e+00 0.00000e+00 0.00000e+00 0.00000e+00 0.00000e+00 0.00000e+00 0.00000e+00 0.00000e+00 0.00000e+00 0.00000e+00 0.00000e+00
6.00000e+01 1.11481e-11 2.37888e-10 2.67510e-09 2.74167e-09 3.65152e-09 2.31222e-09 3.91055e-10 6.98444e-14 0.00000e+00 0.00000e+00 0.00000e+00 0.00000e+00 0.00000e+00 0.00000e+00 0.00000e+00 0.00000e+00 0.00000e+00 0.00000e+00 0.00000e+00 0.00000e+00
6.50000e+01 1.85403e-11 3.79354e-10 2.72687e-09 3.08423e-09 4.71744e-09 2.65191e-09 1.26787e-09 4.19634e-11 0.00000e+00 0.00000e+00 0.00000e+00 0.00000e+00 0.00000e+00 0.00000e+00 0.00000e+00 0.00000e+00 0.00000e+00 0.00000e+00 0.00000e+00 0.00000e+00
7.00000e+01 8.13349e-12 6.48142e-10 1.76296e-09 7.69517e-09 5.16869e-09 3.77063e-09 1.12923e-09 1.21143e-10 0.00000e+00 0.00000e+00 0.00000e+00 0.00000e+00 0.00000e+00 0.00000e+00 0.00000e+00 0.00000e+00 0.00000e+00 0.00000e+00 0.00000e+00 0.00000e+00
7.60000e+01 1.04732e-11 3.15738e-10 1.75458e-09 3.25196e-09 5.73694e-09 3.95332e-09 1.66987e-09 3.17696e-10 0.00000e+00 0.00000e+00 0.00000e+00 0.00000e+00 0.00000e+00 0.00000e+00 0.00000e+00 0.00000e+00 0.00000e+00 0.00000e+00 0.00000e+00 0.00000e+00
8.20000e+01 4.75942e-11 5.16620e-10 1.12612e-09 4.10560e-09 5.46487e-09 4.05272e-09 2.21184e-09 4.63085e-10 2.21129e-14 0.00000e+00 0.00000e+00 0.00000e+00 0.00000e+00 0.00000e+00 0.00000e+00 0.00000e+00 0.00000e+00 0.00000e+00 0.00000e+00 0.00000e+00
8.90000e+01 1.71549e-12 1.87134e-10 2.57964e-09 4.60280e-09 5.41581e-09 4.43948e-09 2.74775e-09 4.76962e-10 1.42718e-12 0.00000e+00 0.00000e+00 0.00000e+00 0.00000e+00 0.00000e+00 0.00000e+00 0.00000e+00 0.00000e+00 0.00000e+00 0.00000e+00 0.00000e+00
9.70000e+01 1.28038e-13 3.18038e-10 1.31063e-09 3.75071e-09 6.11304e-09 5.56612e-09 3.07272e-09 9.18032e-10 4.90978e-11 0.00000e+00 0.00000e+00 0.00000e+00 0.00000e+00 0.00000e+00 0.00000e+00 0.00000e+00 0.00000e+00 0.00000e+00 0.00000e+00 0.00000e+00
1.05000e+02 4.17480e-17 2.76797e-10 3.22467e-09 3.68124e-09 4.48364e-09 5.00885e-09 3.69758e-09 1.46300e-09 1.77587e-10 0.00000e+00 0.00000e+00 0.00000e+00 0.00000e+00 0.00000e+00 0.00000e+00 0.00000e+00 0.00000e+00 0.00000e+00 0.00000e+00 0.00000e+00
1.13000e+02 2.62661e-10 1.32493e-09 1.04228e-09 3.27000e-09 6.02594e-09 4.79538e-09 3.99581e-09 1.78413e-09 3.16409e-10 2.78387e-13 0.00000e+00 0.00000e+00 0.00000e+00 0.00000e+00 0.00000e+00 0.00000e+00 0.00000e+00 0.00000e+00 0.00000e+00 0.00000e+00
1.23000e+02 3.84923e-12 2.25584e-11 8.46638e-10 2.59140e-09 5.15834e-09 5.84631e-09 3.52413e-09 2.66868e-09 4.64551e-10 1.41394e-12 0.00000e+00 0.00000e+00 0.00000e+00 0.00000e+00 0.00000e+00 0.00000e+00 0.00000e+00 0.00000e+00 0.00000e+00 0.00000e+00
1.33000e+02 1.07770e-11 6.00403e-10 1.38786e-09 3.35918e-09 4.29245e-09 5.16416e-09 3.86693e-09 1.68302e-09 5.67713e-10 2.58908e-12 0.00000e+00 0.00000e+00 0.00000e+00 0.00000e+00 0.00000e+00 0.00000e+00 0.00000e+00 0.00000e+00 0.00000e+00 0.00000e+00
1.44000e+02 1.74618e-10 6.60916e-10 1.49250e-09 2.87411e-09 6.77210e-09 7.68741e-09 4.07107e-09 2.90237e-09 9.02964e-10 1.53472e-11 0.00000e+00 0.00000e+00 0.00000e+00 0.00000e+00 0.00000e+00 0.00000e+00 0.00000e+00 0.00000e+00 0.00000e+00 0.00000e+00
1.56000e+02 2.84401e-11 3.84334e-10 1.29868e-09 2.59730e-09 6.73992e-09 4.84306e-09 4.94045e-09 2.15910e-09 1.10755e-09 1.16588e-10 0.00000e+00 0.00000e+00 0.00000e+00 0.00000e+00 0.00000e+00 0.00000e+00 0.00000e+00 0.00000e+00 0.00000e+00 0.00000e+00
1.68000e+02 1.63890e-12 1.67950e-10 1.05017e-09 3.01002e-09 4.50375e-09 6.17679e-09 4.53132e-09 2.83901e-09 1.22711e-09 1.51252e-10 9.35582e-15 0.00000e+00 0.00000e+00 0.00000e+00 0.00000e+00 0.00000e+00 0.00000e+00 0.00000e+00 0.00000e+00 0.00000e+00
1.82000e+02 1.16415e-13 2.17230e-10 2.49563e-09 2.57165e-09 3.95937e-09 5.17880e-09 4.45540e-09 3.84329e-09 1.39358e-09 3.42646e-10 2.29250e-13 0.00000e+00 0.00000e+00 0.00000e+00 0.00000e+00 0.00000e+00 0.00000e+00 0.00000e+00 0.00000e+00 0.00000e+00
1.97000e+02 3.70024e-12 1.85090e-10 1.34750e-09 2.44223e-09 5.92421e-09 6.45862e-09 5.04645e-09 2.98181e-09 1.64901e-09 4.68463e-10 9.52332e-12 0.00000e+00 0.00000e+00 0.00000e+00 0.00000e+00 0.00000e+00 0.00000e+00 0.00000e+00 0.00000e+00 0.00000e+00
2.14000e+02 3.16726e-15 9.78051e-10 9.88941e-10 2.04300e-09 2.96113e-09 5.78914e-09 4.86340e-09 3.71916e-09 1.83616e-09 7.40474e-10 9.76343e-11 0.00000e+00 0.00000e+00 0.00000e+00 0.00000e+00 0.00000e+00 0.00000e+00 0.00000e+00 0.00000e+00 0.00000e+00
2.31000e+02 9.76539e-12 6.33759e-11 7.78244e-10 1.48871e-09 4.16100e-09 6.16804e-09 5.46350e-09 4.14448e-09 1.69213e-09 8.29502e-10 8.35623e-11 6.73188e-16 0.00000e+00 0.00000e+00 0.00000e+00 0.00000e+00 0.00000e+00 0.00000e+00 0.00000e+00 0.00000e+00
2.50000e+02 5.80667e-14 4.12813e-11 1.09707e-09 3.81423e-09 3.29899e-09 4.83380e-09 4.48109e-09 4.36458e-09 2.25964e-09 8.04691e-10 1.79912e-10 2.02817e-13 0.00000e+00 0.00000e+00 0.00000e+00 0.00000e+00 0.00000e+00 0.00000e+00 0.00000e+00 0.00000e+00
2.71000e+02 5.24395e-13 4.27789e-11 4.74122e-10 1.52115e-09 3.75029e-09 7.04021e-09 6.59147e-09 4.56513e-09 2.28072e-09 9.88183e-10 2.79935e-10 1.92243e-12 0.00000e+00 0.00000e+00 0.00000e+00 0.00000e+00 0.00000e+00 0.00000e+00 0.00000e+00 0.00000e+00
2.93000e+02 1.80061e-15 2.51411e-10 4.28246e-10 3.43376e-09 3.53084e-09 4.69514e-09 6.19449e-09 4.87653e-09 2.24511e-09 9.47172e-10 4.63204e-10 2.02240e-11 0.00000e+00 0.00000e+00 0.00000e+00 0.00000e+00 0.00000e+00 0.00000e+00 0.00000e+00 0.00000e+00
3.17000e+02 1.44407e-13 1.92718e-10 2.94096e-09 2.35406e-09 4.22056e-09 6.03844e-09 5.31172e-09 4.46869e-09 2.40442e-09 1.32379e-09 4.14151e-10 5.75482e-11 0.00000e+00 0.00000e+00 0.00000e+00 0.00000e+00 0.00000e+00 0.00000e+00 0.00000e+00 0.00000e+00
3.44000e+02 2.46231e-12 7.25185e-10 5.85178e-10 2.33243e-09 4.53139e-09 6.05938e-09 5.71815e-09 4.47583e-09 2.66905e-09 1.32344e-09 6.45549e-10 7.03675e-11 2.64012e-14 0.00000e+00 0.00000e+00 0.00000e+00 0.00000e+00 0.00000e+00 0.00000e+00 0.00000e+00
3.72000e+02 1.21862e-13 6.01318e-11 9.67994e-10 2.02456e-09 3.31655e-09 6.21672e-09 5.65701e-09 4.23846e-09 2.85982e-09 1.50181e-09 6.67505e-10 1.43228e-10 1.02559e-13 0.00000e+00 0.00000e+00 0.00000e+00 0.00000e+00 0.00000e+00 0.00000e+00 0.00000e+00
4.02000e+02 1.01617e-12 5.04533e-11 7.74647e-10 2.37336e-09 3.16106e-09 4.95993e-09 6.10157e-09 4.10282e-09 2.65016e-09 1.51605e-09 7.10631e-10 1.71418e-10 5.42778e-12 0.00000e+00 0.00000e+00 0.00000e+00 0.00000e+00 0.00000e+00 0.00000e+00 0.00000e+00
4.36000e+02 6.77057e-13 8.45553e-11 3.20530e-10 2.07333e-09 3.26800e-09 5.91615e-09 5.27259e-09 4.98090e-09 3.28019e-09 1.59231e-09 8.09829e-10 2.86595e-10 3.37874e-11 0.00000e+00 0.00000e+00 0.00000e+00 0.00000e+00 0.00000e+00 0.00000e+00 0.00000e+00
4.71000e+02 3.90365e-12 1.44850e-10 1.83594e-09 1.69803e-09 4.19369e-09 5.56139e-09 5.06841e-09 4.68771e-09 3.10067e-09 1.75912e-09 8.19529e-10 2.81457e-10 2.63955e-11 0.00000e+00 0.00000e+00 0.00000e+00 0.00000e+00 0.00000e+00 0.00000e+00 0.00000e+00
5.10000e+02 1.68808e-14 5.85693e-11 4.49107e-10 1.90195e-09 3.09582e-09 5.10710e-09 6.01407e-09 4.66854e-09 3.23048e-09 1.81800e-09 1.09702e-09 4.10040e-10 7.08518e-11 7.15739e-17 0.00000e+00 0.00000e+00 0.00000e+00 0.00000e+00 0.00000e+00 0.00000e+00
5.52000e+02 7.75793e-13 3.67291e-10 4.81804e-09 2.45387e-09 3.19443e-09 4.13858e-09 5.67500e-09 5.14734e-09 3.63817e-09 2.58582e-09 8.77384e-10 4.77140e-10 1.09370e-10 8.16631e-13 0.00000e+00 0.00000e+00 0.00000e+00 0.00000e+00 0.00000e+00 0.00000e+00
5.98000e+02 2.94777e-11 5.57561e-11 1.85228e-09 8.86790e-10 3.25923e-09 3.64691e-09 5.09364e-09 4.78886e-09 3.62459e-09 2.21956e-09 1.02344e-09 5.60891e-10 1.68702e-10 3.44583e-12 0.00000e+00 0.00000e+00 0.00000e+00 0.00000e+00 0.00000e+00 0.00000e+00
6.47000e+02 1.56926e-13 4.49943e-12 4.28306e-10 1.17724e-09 3.90527e-09 4.46435e-09 4.10102e-09 6.20415e-09 3.93994e-09 1.63497e-09 1.08447e-09 5.48847e-10 1.74857e-10 1.67545e-11 0.00000e+00 0.00000e+00 0.00000e+00 0.00000e+00 0.00000e+00 0.00000e+00
7.00000e+02 1.96539e-13 2.66332e-11 3.60204e-10 2.00208e-09 4.36264e-09 5.61323e-09 6.76224e-09 5.18592e-09 3.10685e-09 2.02089e-09 1.24214e-09 5.43213e-10 2.34004e-10 5.26791e-11 0.00000e+00 0.00000e+00 0.00000e+00 0.00000e+00 0.00000e+00 0.00000e+00
7.58000e+02 4.10570e-11 4.62016e-11 1.01893e-09 1.09437e-09 4.40819e-09 4.58155e-09 5.48055e-09 5.30542e-09 2.98578e-09 2.46941e-09 1.34781e-09 7.33304e-10 2.70743e-10 5.15668e-11 1.37445e-15 0.00000e+00 0.00000e+00 0.00000e+00 0.00000e+00 0.00000e+00
8.20000e+02 8.21883e-12 1.05481e-10 4.65388e-10 2.39747e-09 4.82837e-09 5.16176e-09 4.22756e-09 5.24473e-09 5.08694e-09 2.85692e-09 1.01451e-09 7.47183e-10 3.63673e-10 3.97121e-11 1.09383e-14 0.00000e+00 0.00000e+00 0.00000e+00 0.00000e+00 0.00000e+00
8.88000e+02 0.00000e+00 2.85075e-12 1.01063e-09 2.19570e-09 7.44460e-09 3.39076e-09 4.66881e-09 5.99672e-09 3.91464e-09 2.87794e-09 1.28141e-09 6.30872e-10 4.35626e-10 1.13512e-10 9.88152e-13 0.00000e+00 0.00000e+00 0.00000e+00 0.00000e+00 0.00000e+00
9.61000e+02 9.74712e-13 2.64137e-11 6.15746e-10 1.16254e-09 2.96698e-09 4.48250e-09 5.51315e-09 4.55921e-09 3.67438e-09 2.37566e-09 1.64757e-09 1.00098e-09 3.46153e-10 1.41381e-10 3.69252e-12 0.00000e+00 0.00000e+00 0.00000e+00 0.00000e+00 0.00000e+00
1.04000e+03 1.01185e-13 5.36904e-11 1.19893e-10 1.14787e-09 2.89647e-09 4.61124e-09 5.24110e-09 6.77700e-09 4.56629e-09 2.94714e-09 1.75464e-09 1.11928e-09 5.01357e-10 1.29999e-10 4.13116e-11 0.00000e+00 0.00000e+00 0.00000e+00 0.00000e+00 0.00000e+00
1.12500e+03 1.33290e-15 5.45556e-13 5.72306e-10 1.79767e-09 5.72366e-09 4.15122e-09 5.42258e-09 4.58885e-09 4.48069e-09 2.53361e-09 1.63724e-09 1.02716e-09 5.06860e-10 2.74092e-10 3.09940e-11 3.73848e-17 0.00000e+00 0.00000e+00 0.00000e+00 0.00000e+00
1.21800e+03 0.00000e+00 2.41039e-11 3.90369e-10 9.99059e-10 2.88050e-09 2.72077e-09 6.10942e-09 6.28365e-09 4.25048e-09 3.79112e-09 1.95470e-09 9.96421e-10 5.29351e-10 1.83740e-10 2.86618e-11 4.07532e-12 0.00000e+00 0.00000e+00 0.00000e+00 0.00000e+00
1.31800e+03 1.85738e-10 1.01052e-09 8.07701e-11 2.42672e-09 5.96882e-09 4.93184e-09 5.63161e-09 6.74430e-09 3.90636e-09 2.61458e-09 1.38755e-09 1.20684e-09 5.07171e-10 2.81271e-10 9.85928e-11 2.34177e-12 0.00000e+00 0.00000e+00 0.00000e+00 0.00000e+00
1.42700e+03 2.62350e-13 2.78487e-11 1.08423e-09 1.07429e-09 3.35262e-09 5.41962e-09 6.39166e-09 5.20002e-09 5.89688e-09 3.68641e-09 2.09371e-09 1.06653e-09 6.95595e-10 2.82087e-10 8.55838e-11 3.36861e-12 0.00000e+00 0.00000e+00 0.00000e+00 0.00000e+00
1.54400e+03 0.00000e+00 1.42387e-12 3.34652e-10 2.09680e-09 4.31530e-09 5.61473e-09 4.27108e-09 5.76553e-09 5.67793e-09 3.07204e-09 2.50360e-09 1.28964e-09 7.55836e-10 4.43965e-10 1.42371e-10 1.57103e-11 0.00000e+00 0.00000e+00 0.00000e+00 0.00000e+00
1.67100e+03 1.84164e-14 1.13566e-10 6.94604e-10 2.09488e-09 4.18319e-09 4.10185e-09 5.20832e-09 6.47015e-09 5.87467e-09 3.58962e-09 2.10999e-09 1.39015e-09 8.23757e-10 3.06266e-10 1.50278e-10 2.92948e-11 0.00000e+00 0.00000e+00 0.00000e+00 0.00000e+00
1.80800e+03 2.51980e-14 2.73451e-10 3.16127e-10 2.80452e-09 5.92086e-09 5.21393e-09 6.34414e-09 6.79195e-09 6.11493e-09 3.36060e-09 2.51898e-09 1.57306e-09 6.58950e-10 3.40397e-10 2.01875e-10 4.11326e-11 2.79325e-15 0.00000e+00 0.00000e+00 0.00000e+00
1.95700e+03 2.11567e-09 7.70157e-11 1.27471e-10 2.10314e-09 4.10096e-09 6.36396e-09 7.64506e-09 6.82681e-09 6.43869e-09 3.10841e-09 2.85687e-09 1.54479e-09 6.64713e-10 4.79317e-10 2.08809e-10 4.55054e-11 1.92561e-12 0.00000e+00 0.00000e+00 0.00000e+00
2.11800e+03 3.75560e-12 9.74260e-10 4.50918e-10 8.54790e-10 3.22954e-09 4.70258e-09 7.54436e-09 7.32017e-09 5.99766e-09 4.82327e-09 2.77652e-09 1.40435e-09 9.38355e-10 4.37051e-10 1.62805e-10 5.81844e-11 7.09807e-12 0.00000e+00 0.00000e+00 0.00000e+00
2.29200e+03 0.00000e+00 7.44637e-10 6.47444e-10 1.03428e-09 2.94628e-09 4.34799e-09 5.48437e-09 8.23652e-09 6.25763e-09 4.20316e-09 3.30415e-09 1.18391e-09 8.54785e-10 4.92450e-10 2.75455e-10 9.86613e-11 8.53481e-12 0.00000e+00 0.00000e+00 0.00000e+00
2.48100e+03 7.63629e-16 2.13803e-11 3.52805e-10 2.06921e-09 3.74216e-09 7.16747e-09 7.10977e-09 6.75683e-09 5.09660e-09 4.74443e-09 2.66727e-09 1.55204e-09 1.01773e-09 4.32992e-10 2.41473e-10 1.38298e-10 1.99840e-11 8.99796e-15 0.00000e+00 0.00000e+00
2.68500e+03 6.41332e-12 8.57753e-10 1.97366e-10 3.96212e-09 2.48000e-09 5.33837e-09 6.10328e-09 9.09308e-09 7.46353e-09 3.94605e-09 3.32267e-09 1.74982e-09 7.59287e-10 4.45382e-10 3.17601e-10 1.11940e-10 3.65765e-11 2.22605e-13 0.00000e+00 0.00000e+00
2.90600e+03 0.00000e+00 1.48831e-12 2.31185e-09 3.13862e-09 4.35340e-09 4.21583e-09 8.52757e-09 7.60599e-09 7.40029e-09 4.40984e-09 3.22923e-09 2.15902e-09 9.78205e-10 5.60663e-10 2.79132e-10 1.34808e-10 2.58524e-11 9.43874e-13 0.00000e+00 0.00000e+00
3.14500e+03 1.22999e-11 1.54461e-11 7.84398e-10 3.63924e-09 4.60771e-09 5.75713e-09 1.07945e-08 7.03882e-09 7.41632e-09 4.27794e-09 4.02406e-09 2.41902e-09 1.01514e-09 6.83912e-10 4.40693e-10 2.00805e-10 6.31583e-11 4.74875e-12 0.00000e+00 0.00000e+00
3.40400e+03 0.00000e+00 3.76120e-10 1.45014e-09 1.15319e-09 2.95543e-09 3.78068e-09 5.77829e-09 7.97057e-09 7.40535e-09 6.17614e-09 2.89769e-09 3.04060e-09 1.13530e-09 5.51758e-10 2.72182e-10 1.39817e-10 9.01323e-11 1.41336e-11 0.00000e+00 0.00000e+00
3.68400e+03 0.00000e+00 5.75699e-12 4.12922e-10 3.20627e-09 2.99128e-09 5.43086e-09 1.01092e-08 9.10265e-09 7.05202e-09 5.39776e-09 2.46396e-09 3.11156e-09 1.18978e-09 6.59858e-10 3.64133e-10 1.67707e-10 7.65470e-11 1.05334e-11 5.90251e-17 0.00000e+00
3.98600e+03 0.00000e+00 2.04160e-13 7.40382e-10 1.86147e-09 4.98004e-09 4.43958e-09 7.24998e-09 9.37850e-09 6.04336e-09 6.66395e-09 3.72299e-09 2.40239e-09 9.98372e-10 7.26450e-10 2.75507e-10 1.13510e-10 5.21460e-11 1.73825e-11 2.81493e-13 0.00000e+00
4.31400e+03 2.43941e-12 1.75662e-10 2.94536e-10 3.80156e-09 3.65932e-09 4.04490e-09 4.94665e-09 6.59856e-09 9.26269e-09 6.12860e-09 4.17201e-09 2.83656e-09 1.39739e-09 8.18401e-10 4.04723e-10 1.80021e-10 9.69730e-11 2.79258e-11 1.59926e-13 0.00000e+00
4.66900e+03 0.00000e+00 3.97785e-11 6.97419e-10 2.44266e-09 6.56941e-09 6.04775e-09 8.96937e-09 8.59845e-09 7.78022e-09 6.32496e-09 5.17468e-09 2.25009e-09 1.39942e-09 1.06379e-09 4.74688e-10 1.49841e-10 1.24742e-10 3.58087e-11 2.40445e-12 0.00000e+00
