0.00000e+00 4.45801e+00 6.63494e+00 9.87491e+00 1.46970e+01 2.18738e+01 3.25552e+01 4.84526e+01 7.21129e+01 1.07327e+02 1.59737e+02 2.37739e+02 3.53832e+02 5.26615e+02 7.83771e+02 1.16650e+03 1.73613e+03 2.58391e+03 3.84568e+03
3.00000e+01 0.00000e+00 7.93808e-10 3.84789e-10 2.82269e-12 0.00000e+00 0.00000e+00 0.00000e+00 0.00000e+00 0.00000e+00 0.00000e+00 0.00000e+00 0.00000e+00 0.00000e+00 0.00000e+00 0.00000e+00 0.00000e+00 0.00000e+00 0.00000e+00
3.50000e+01 1.06007e-11 4.60304e-10 1.05644e-09 3.02327e-11 0.00000e+00 0.00000e+00 0.00000e+00 0.00000e+00 0.00000e+00 0.00000e+00 0.00000e+00 0.00000e+00 0.00000e+00 0.00000e+00 0.00000e+00 0.00000e+00 0.00000e+00 0.00000e+00
4.00000e+01 3.98574e-11 9.18008e-10 1.31123e-09 3.02475e-10 0.00000e+00 0.00000e+00 0.00000e+00 0.00000e+00 0.00000e+00 0.00000e+00 0.00000e+00 0.00000e+00 0.00000e+00 0.00000e+00 0.00000e+00 0.00000e+00 0.00000e+00 0.00000e+00
4.50000e+01 7.56824e-12 6.39686e-10 1.56671e-09 5.57580e-10 2.48176e-11 0.00000e+00 0.00000e+00 0.00000e+00 0.00000e+00 0.00000e+00 0.00000e+00 0.00000e+00 0.00000e+00 0.00000e+00 0.00000e+00 0.00000e+00 0.00000e+00 0.00000e+00
5.00000e+01 1.34820e-11 5.41404e-10 9.57084e-10 9.37157e-10 5.84819e-11 0.00000e+00 0.00000e+00 0.00000e+00 0.00000e+00 0.00000e+00 0.00000e+00 0.00000e+00 0.00000e+00 0.00000e+00 0.00000e+00 0.00000e+00 0.00000e+00 0.00000e+00
5.50000e+01 2.60270e-12 3.22100e-10 1.21798e-09 1.20337e-09 2.52669e-10 2.78655e-17 0.00000e+00 0.00000e+00 0.00000e+00 0.00000e+00 0.00000e+00 0.00000e+00 0.00000e+00 0.00000e+00 0.00000e+00 0.00000e+00 0.00000e+00 0.00000e+00
6.00000e+01 4.68095e-11 1.31642e-10 1.82143e-09 1.40756e-09 5.31057e-10 5.15270e-13 0.00000e+00 0.00000e+00 0.00000e+00 0.00000e+00 0.00000e+00 0.00000e+00 0.00000e+00 0.00000e+00 0.00000e+00 0.00000e+00 0.00000e+00 0.00000e+00
6.50000e+01 7.00251e-11 1.78809e-10 1.22706e-09 1.39736e-09 7.31131e-10 2.56273e-11 0.00000e+00 0.00000e+00 0.00000e+00 0.00000e+00 0.00000e+00 0.00000e+00 0.00000e+00 0.00000e+00 0.00000e+00 0.00000e+00 0.00000e+00 0.00000e+00
7.00000e+01 9.45230e-11 1.91478e-10 1.22222e-09 1.71289e-09 7.22202e-10 5.01385e-11 0.00000e+00 0.00000e+00 0.00000e+00 0.00000e+00 0.00000e+00 0.00000e+00 0.00000e+00 0.00000e+00 0.00000e+00 0.00000e+00 0.00000e+00 0.00000e+00
7.60000e+01 1.89252e-11 2.53820e-10 1.26689e-09 9.65672e-10 1.03092e-09 2.35332e-10 0.00000e+00 0.00000e+00 0.00000e+00 0.00000e+00 0.00000e+00 0.00000e+00 0.00000e+00 0.00000e+00 0.00000e+00 0.00000e+00 0.00000e+00 0.00000e+00
8.20000e+01 1.40898e-12 3.24884e-10 1.06079e-09 1.58313e-09 8.21174e-10 2.96782e-10 1.50248e-17 0.00000e+00 0.00000e+00 0.00000e+00 0.00000e+00 0.00000e+00 0.00000e+00 0.00000e+00 0.00000e+00 0.00000e+00 0.00000e+00 0.00000e+00
8.90000e+01 8.85715e-13 7.57764e-11 1.22500e-09 1.55812e-09 1.11863e-09 4.92732e-10 4.11031e-11 0.00000e+00 0.00000e+00 0.00000e+00 0.00000e+00 0.00000e+00 0.00000e+00 0.00000e+00 0.00000e+00 0.00000e+00 0.00000e+00 0.00000e+00
9.70000e+01 1.27111e-12 1.58503e-10 8.24759e-10 1.46811e-09 1.56481e-09 5.28122e-10 3.94990e-11 0.00000e+00 0.00000e+00 0.00000e+00 0.00000e+00 0.00000e+00 0.00000e+00 0.00000e+00 0.00000e+00 0.00000e+00 0.00000e+00 0.00000e+00
1.05000e+02 1.81033e-10 5.16334e-11 4.45934e-10 1.67136e-09 1.30009e-09 7.52097e-10 9.37173e-11 0.00000e+00 0.00000e+00 0.00000e+00 0.00000e+00 0.00000e+00 0.00000e+00 0.00000e+00 0.00000e+00 0.00000e+00 0.00000e+00 0.00000e+00
1.13000e+02 7.23257e-12 1.23733e-10 5.51212e-10 1.03852e-09 1.71047e-09 8.36994e-10 1.92222e-10 5.72078e-15 0.00000e+00 0.00000e+00 0.00000e+00 0.00000e+00 0.00000e+00 0.00000e+00 0.00000e+00 0.00000e+00 0.00000e+00 0.00000e+00
1.23000e+02 1.56863e-13 2.79258e-10 6.65411e-10 9.82493e-10 1.24385e-09 8.76074e-10 1.24958e-10 2.10559e-13 0.00000e+00 0.00000e+00 0.00000e+00 0.00000e+00 0.00000e+00 0.00000e+00 0.00000e+00 0.00000e+00 0.00000e+00 0.00000e+00
1.33000e+02 9.96213e-14 3.86694e-11 3.69317e-10 1.45262e-09 1.45797e-09 8.71435e-10 3.12087e-10 1.79507e-12 0.00000e+00 0.00000e+00 0.00000e+00 0.00000e+00 0.00000e+00 0.00000e+00 0.00000e+00 0.00000e+00 0.00000e+00 0.00000e+00
1.44000e+02 8.89246e-14 1.50409e-10 5.67434e-10 1.17127e-09 9.34272e-10 8.95572e-10 4.39811e-10 3.04446e-11 0.00000e+00 0.00000e+00 0.00000e+00 0.00000e+00 0.00000e+00 0.00000e+00 0.00000e+00 0.00000e+00 0.00000e+00 0.00000e+00
1.56000e+02 6.61291e-12 5.22392e-11 4.69787e-10 1.19965e-09 1.37152e-09 1.23965e-09 7.50829e-10 4.06766e-11 0.00000e+00 0.00000e+00 0.00000e+00 0.00000e+00 0.00000e+00 0.00000e+00 0.00000e+00 0.00000e+00 0.00000e+00 0.00000e+00
1.68000e+02 1.44031e-11 3.61964e-10 5.25874e-10 9.81734e-10 1.65661e-09 1.02345e-09 5.21572e-10 1.67506e-10 2.57498e-15 0.00000e+00 0.00000e+00 0.00000e+00 0.00000e+00 0.00000e+00 0.00000e+00 0.00000e+00 0.00000e+00 0.00000e+00
1.82000e+02 1.62209e-11 4.93009e-11 4.88252e-10 1.07270e-09 1.39001e-09 1.26856e-09 6.86617e-10 2.15701e-10 2.51317e-12 0.00000e+00 0.00000e+00 0.00000e+00 0.00000e+00 0.00000e+00 0.00000e+00 0.00000e+00 0.00000e+00 0.00000e+00
1.97000e+02 1.09841e-13 3.43674e-10 3.90867e-10 7.67054e-10 1.62384e-09 1.37001e-09 9.33542e-10 3.35378e-10 1.32549e-11 0.00000e+00 0.00000e+00 0.00000e+00 0.00000e+00 0.00000e+00 0.00000e+00 0.00000e+00 0.00000e+00 0.00000e+00
2.14000e+02 2.70485e-12 2.23658e-10 2.91850e-10 7.70458e-10 1.24029e-09 1.32650e-09 9.78073e-10 3.17187e-10 3.90292e-11 0.00000e+00 0.00000e+00 0.00000e+00 0.00000e+00 0.00000e+00 0.00000e+00 0.00000e+00 0.00000e+00 0.00000e+00
2.31000e+02 4.81327e-12 1.39934e-10 3.30923e-10 7.61602e-10 1.61668e-09 1.34639e-09 8.16901e-10 4.63175e-10 4.93888e-11 5.73209e-18 0.00000e+00 0.00000e+00 0.00000e+00 0.00000e+00 0.00000e+00 0.00000e+00 0.00000e+00 0.00000e+00
2.50000e+02 1.25417e-12 2.58315e-10 4.67867e-10 9.02318e-10 1.55621e-09 1.40179e-09 8.01521e-10 3.94220e-10 9.36411e-11 2.72890e-14 0.00000e+00 0.00000e+00 0.00000e+00 0.00000e+00 0.00000e+00 0.00000e+00 0.00000e+00 0.00000e+00
2.71000e+02 2.07842e-11 3.67940e-10 2.42658e-10 9.20551e-10 1.21105e-09 1.33151e-09 9.10905e-10 4.41508e-10 1.63242e-10 4.96831e-12 0.00000e+00 0.00000e+00 0.00000e+00 0.00000e+00 0.00000e+00 0.00000e+00 0.00000e+00 0.00000e+00
2.93000e+02 2.18935e-13 9.41035e-11 3.60570e-10 7.47848e-10 1.34568e-09 1.20278e-09 1.08425e-09 4.74759e-10 1.47565e-10 1.91131e-11 0.00000e+00 0.00000e+00 0.00000e+00 0.00000e+00 0.00000e+00 0.00000e+00 0.00000e+00 0.00000e+00
3.17000e+02 3.41459e-12 9.91825e-11 4.08683e-10 8.73593e-10 1.10165e-09 1.41404e-09 1.04605e-09 5.50241e-10 2.52753e-10 2.58015e-11 0.00000e+00 0.00000e+00 0.00000e+00 0.00000e+00 0.00000e+00 0.00000e+00 0.00000e+00 0.00000e+00
3.44000e+02 6.52438e-14 8.95564e-11 4.34965e-10 6.97158e-10 1.30098e-09 1.35510e-09 1.05810e-09 7.77369e-10 2.98805e-10 6.22434e-11 1.01637e-13 0.00000e+00 0.00000e+00 0.00000e+00 0.00000e+00 0.00000e+00 0.00000e+00 0.00000e+00
3.72000e+02 1.30032e-10 9.59784e-11 3.87165e-10 7.13509e-10 1.23911e-09 1.03350e-09 9.57202e-10 6.56409e-10 3.02539e-10 6.44718e-11 5.84981e-14 0.00000e+00 0.00000e+00 0.00000e+00 0.00000e+00 0.00000e+00 0.00000e+00 0.00000e+00
4.02000e+02 2.34216e-13 6.21485e-11 3.96078e-10 7.28151e-10 8.66697e-10 1.40818e-09 1.05020e-09 8.57567e-10 2.95278e-10 1.17381e-10 3.51368e-12 0.00000e+00 0.00000e+00 0.00000e+00 0.00000e+00 0.00000e+00 0.00000e+00 0.00000e+00
4.36000e+02 9.49132e-13 1.16264e-10 2.69889e-10 8.57614e-10 1.02231e-09 1.10812e-09 1.10083e-09 7.71827e-10 4.22933e-10 1.61798e-10 6.73479e-12 0.00000e+00 0.00000e+00 0.00000e+00 0.00000e+00 0.00000e+00 0.00000e+00 0.00000e+00
4.71000e+02 3.55138e-12 2.12988e-10 2.65164e-10 9.73498e-10 1.19205e-09 1.42881e-09 1.16176e-09 6.98906e-10 4.15631e-10 1.58559e-10 1.83979e-11 0.00000e+00 0.00000e+00 0.00000e+00 0.00000e+00 0.00000e+00 0.00000e+00 0.00000e+00
5.10000e+02 2.20457e-11 1.21193e-10 2.10480e-10 7.29314e-10 9.42269e-10 1.09479e-09 1.20133e-09 7.21183e-10 3.61268e-10 2.50444e-10 4.69308e-11 4.82669e-17 0.00000e+00 0.00000e+00 0.00000e+00 0.00000e+00 0.00000e+00 0.00000e+00
5.52000e+02 1.04006e-11 7.18689e-11 2.87351e-10 7.30296e-10 1.06133e-09 1.31894e-09 8.58558e-10 7.80533e-10 4.72242e-10 1.91088e-10 7.64538e-11 1.48298e-12 0.00000e+00 0.00000e+00 0.00000e+00 0.00000e+00 0.00000e+00 0.00000e+00
5.98000e+02 3.41716e-11 1.25358e-10 2.18077e-10 7.13084e-10 1.29118e-09 1.35608e-09 9.49527e-10 6.01431e-10 6.89797e-10 2.37422e-10 6.02996e-11 2.97237e-12 0.00000e+00 0.00000e+00 0.00000e+00 0.00000e+00 0.00000e+00 0.00000e+00
6.47000e+02 3.62392e-11 5.93138e-11 4.67705e-10 8.66803e-10 1.24830e-09 1.03580e-09 9.58022e-10 7.34406e-10 5.69252e-10 2.62454e-10 1.33035e-10 7.94366e-12 0.00000e+00 0.00000e+00 0.00000e+00 0.00000e+00 0.00000e+00 0.00000e+00
7.00000e+02 8.75937e-13 3.90219e-12 3.42974e-10 5.48272e-10 8.22870e-10 1.20449e-09 1.18438e-09 9.47046e-10 4.83517e-10 3.28631e-10 1.44415e-10 3.30436e-11 0.00000e+00 0.00000e+00 0.00000e+00 0.00000e+00 0.00000e+00 0.00000e+00
7.58000e+02 1.30021e-11 2.87395e-10 3.51236e-10 1.13671e-09 1.35211e-09 9.76555e-10 1.15731e-09 9.99551e-10 5.82873e-10 3.23023e-10 1.35322e-10 3.12697e-11 0.00000e+00 0.00000e+00 0.00000e+00 0.00000e+00 0.00000e+00 0.00000e+00
8.20000e+02 2.35481e-11 1.89326e-11 2.87946e-10 5.71686e-10 1.11751e-09 1.27148e-09 1.12465e-09 9.20590e-10 4.41854e-10 3.34218e-10 1.41293e-10 3.73122e-11 3.19641e-14 0.00000e+00 0.00000e+00 0.00000e+00 0.00000e+00 0.00000e+00
8.88000e+02 4.52331e-12 4.09369e-11 3.90916e-10 6.27770e-10 1.01533e-09 1.30004e-09 1.27600e-09 1.00318e-09 5.92844e-10 3.14645e-10 1.72778e-10 4.73100e-11 1.62079e-12 0.00000e+00 0.00000e+00 0.00000e+00 0.00000e+00 0.00000e+00
9.61000e+02 6.53210e-13 3.39569e-11 7.19241e-10 1.09523e-09 8.55418e-10 1.44278e-09 9.89296e-10 8.79956e-10 5.15958e-10 3.39814e-10 2.14508e-10 8.77222e-11 3.52277e-12 0.00000e+00 0.00000e+00 0.00000e+00 0.00000e+00 0.00000e+00
1.04000e+03 9.08761e-11 1.63133e-10 3.10912e-10 7.85688e-10 1.14524e-09 1.51988e-09 1.36439e-09 8.65160e-10 5.28088e-10 3.97675e-10 2.11426e-10 8.89833e-11 5.25224e-12 0.00000e+00 0.00000e+00 0.00000e+00 0.00000e+00 0.00000e+00
1.12500e+03 1.31357e-11 7.87082e-11 2.99821e-10 8.06048e-10 1.13004e-09 9.87487e-10 1.32162e-09 9.04794e-10 5.45834e-10 3.99013e-10 2.18679e-10 1.01153e-10 1.44028e-11 5.83608e-15 0.00000e+00 0.00000e+00 0.00000e+00 0.00000e+00
1.21800e+03 2.06917e-11 1.88502e-10 6.04433e-10 8.55762e-10 5.81816e-10 1.28179e-09 1.26602e-09 8.71729e-10 4.79153e-10 4.21160e-10 2.05576e-10 1.03303e-10 3.27059e-11 2.59541e-13 0.00000e+00 0.00000e+00 0.00000e+00 0.00000e+00
1.31800e+03 8.58369e-11 2.82195e-10 5.29208e-10 8.63060e-10 1.21483e-09 1.37252e-09 1.13123e-09 7.12934e-10 6.46775e-10 3.70598e-10 2.50981e-10 1.27200e-10 4.77119e-11 2.33433e-12 0.00000e+00 0.00000e+00 0.00000e+00 0.00000e+00
1.42700e+03 9.25622e-13 1.39766e-10 4.76611e-10 5.72788e-10 1.02763e-09 1.19776e-09 1.21594e-09 9.69204e-10 5.42517e-10 4.37005e-10 1.77296e-10 1.68843e-10 5.75830e-11 7.43258e-12 0.00000e+00 0.00000e+00 0.00000e+00 0.00000e+00
1.54400e+03 2.94718e-11 2.13862e-10 5.86895e-10 8.78196e-10 1.12276e-09 1.49594e-09 1.03635e-09 8.99530e-10 5.85694e-10 4.90594e-10 2.77036e-10 1.55090e-10 7.73710e-11 7.34846e-12 0.00000e+00 0.00000e+00 0.00000e+00 0.00000e+00
1.67100e+03 2.06507e-10 1.82633e-10 3.65163e-10 9.90215e-10 1.57937e-09 1.24374e-09 1.30011e-09 9.47203e-10 7.62914e-10 3.50778e-10 2.83912e-10 1.62925e-10 9.34169e-11 2.12259e-11 1.31576e-14 0.00000e+00 0.00000e+00 0.00000e+00
1.80800e+03 4.97010e-11 6.91738e-11 6.57625e-10 1.03248e-09 1.01360e-09 1.59603e-09 1.44848e-09 1.28157e-09 6.81715e-10 4.25250e-10 2.76327e-10 1.42340e-10 8.64883e-11 1.85376e-11 9.72601e-14 0.00000e+00 0.00000e+00 0.00000e+00
1.95700e+03 5.24358e-11 6.44980e-11 6.41957e-10 9.86528e-10 1.41352e-09 1.56415e-09 1.33637e-09 1.08167e-09 7.15498e-10 4.70740e-10 2.70937e-10 1.89274e-10 9.33658e-11 3.22296e-11 1.72225e-12 0.00000e+00 0.00000e+00 0.00000e+00
2.11800e+03 3.61138e-12 2.22546e-10 4.81693e-10 8.96030e-10 1.27516e-09 1.51943e-09 1.13223e-09 1.25574e-09 8.63486e-10 4.65797e-10 2.73943e-10 1.55982e-10 9.10923e-11 4.81691e-11 3.71684e-12 0.00000e+00 0.00000e+00 0.00000e+00
2.29200e+03 5.27303e-13 1.32996e-10 1.81088e-10 8.22298e-10 1.30476e-09 1.39248e-09 1.47403e-09 1.35835e-09 8.83109e-10 6.05312e-10 3.13251e-10 2.14682e-10 1.20408e-10 4.57345e-11 7.51831e-12 0.00000e+00 0.00000e+00 0.00000e+00
2.48100e+03 1.27784e-11 1.01977e-10 2.06513e-10 6.34667e-10 1.41853e-09 1.78690e-09 1.45208e-09 1.20934e-09 8.53543e-10 5.63320e-10 3.25007e-10 1.64919e-10 1.01813e-10 5.37310e-11 1.70744e-11 1.59220e-13 0.00000e+00 0.00000e+00
2.68500e+03 2.62065e-11 3.21490e-10 3.58357e-10 1.15133e-09 1.65269e-09 1.85077e-09 1.47608e-09 1.11532e-09 6.92111e-10 6.10106e-10 3.17829e-10 1.83236e-10 1.20661e-10 5.65147e-11 2.00666e-11 8.10179e-14 0.00000e+00 0.00000e+00
2.90600e+03 1.33620e-12 1.41884e-10 7.49044e-10 7.91473e-10 1.47811e-09 2.04477e-09 1.67545e-09 1.52700e-09 1.05514e-09 5.84222e-10 3.72391e-10 2.02173e-10 9.42568e-11 7.06434e-11 3.25331e-11 9.53452e-13 0.00000e+00 0.00000e+00
3.14500e+03 1.47176e-10 3.33186e-10 5.84494e-10 9.59863e-10 1.47797e-09 1.79135e-09 1.79089e-09 1.44870e-09 8.79413e-10 5.61480e-10 3.84914e-10 2.15797e-10 1.45333e-10 6.99698e-11 2.62098e-11 2.94622e-12 0.00000e+00 0.00000e+00
3.40400e+03 1.77306e-11 1.06648e-10 4.67948e-10 1.06099e-09 1.65718e-09 1.58446e-09 1.60505e-09 1.41186e-09 9.54382e-10 6.97524e-10 4.04381e-10 1.94782e-10 1.35478e-10 6.87154e-11 3.83623e-11 4.93220e-12 2.04799e-17 0.00000e+00
3.68400e+03 6.98784e-11 1.28679e-10 7.74168e-10 1.11453e-09 1.81141e-09 1.80693e-09 1.84700e-09 1.53858e-09 1.06564e-09 6.06985e-10 4.28857e-10 2.28206e-10 1.37465e-10 7.99535e-11 3.82588e-11 7.75274e-12 2.45664e-14 0.00000e+00
3.98600e+03 1.07485e-11 1.08728e-10 4.09336e-10 1.23657e-09 1.48688e-09 2.16849e-09 1.81465e-09 1.55349e-09 1.11924e-09 8.01756e-10 3.94057e-10 2.50913e-10 1.37937e-10 8.94892e-11 3.85441e-11 1.47659e-11 4.85407e-13 0.00000e+00
4.31400e+03 3.15672e-12 1.33033e-10 6.58718e-10 1.07243e-09 1.41923e-09 1.68229e-09 1.82397e-09 1.55620e-09 1.20605e-09 7.72835e-10 4.48577e-10 2.50907e-10 1.47687e-10 9.50267e-11 5.31164e-11 1.63103e-11 6.91458e-13 0.00000e+00
4.66900e+03 4.36637e-11 3.19605e-11 4.82564e-10 8.68319e-10 1.99403e-09 1.98950e-09 2.17655e-09 1.80057e-09 1.25990e-09 8.20080e-10 4.17005e-10 2.53646e-10 1.66760e-10 8.72274e-11 5.40982e-11 2.26655e-11 2.82326e-12 0.00000e+00
