0.00000e+00 4.45801e+00 6.63494e+00 9.87491e+00 1.46970e+01 2.18738e+01 3.25552e+01 4.84526e+01 7.21129e+01 1.07327e+02 1.59737e+02 2.37739e+02 3.53832e+02 5.26615e+02 7.83771e+02 1.16650e+03 1.73613e+03 2.58391e+03 3.84568e+03
6.00000e+01 0.00000e+00 2.78548e-11 2.84756e-11 1.62209e-12 4.81049e-14 6.21649e-16 0.00000e+00 0.00000e+00 0.00000e+00 0.00000e+00 0.00000e+00 0.00000e+00 0.00000e+00 0.00000e+00 0.00000e+00 0.00000e+00 0.00000e+00 0.00000e+00
6.50000e+01 1.48786e-11 4.51435e-11 3.04916e-11 4.94244e-12 8.11104e-14 4.03609e-15 0.00000e+00 0.00000e+00 0.00000e+00 0.00000e+00 0.00000e+00 0.00000e+00 0.00000e+00 0.00000e+00 0.00000e+00 0.00000e+00 0.00000e+00 0.00000e+00
7.00000e+01 1.96591e-12 1.58026e-10 4.43486e-11 3.75049e-11 1.79833e-11 1.42405e-11 5.19234e-16 0.00000e+00 0.00000e+00 0.00000e+00 0.00000e+00 0.00000e+00 0.00000e+00 0.00000e+00 0.00000e+00 0.00000e+00 0.00000e+00 0.00000e+00
7.60000e+01 1.12057e-13 4.92284e-12 1.70781e-11 1.01912e-10 3.05761e-11 8.97785e-14 7.66510e-15 0.00000e+00 0.00000e+00 0.00000e+00 0.00000e+00 0.00000e+00 0.00000e+00 0.00000e+00 0.00000e+00 0.00000e+00 0.00000e+00 0.00000e+00
8.20000e+01 3.01033e-14 3.86153e-11 9.51610e-11 7.90719e-11 2.95062e-11 3.56220e-12 3.09057e-17 0.00000e+00 0.00000e+00 0.00000e+00 0.00000e+00 0.00000e+00 0.00000e+00 0.00000e+00 0.00000e+00 0.00000e+00 0.00000e+00 0.00000e+00
8.90000e+01 0.00000e+00 7.48143e-11 8.15853e-11 1.17617e-10 8.10002e-11 7.65446e-13 2.44002e-13 2.10898e-16 0.00000e+00 0.00000e+00 0.00000e+00 0.00000e+00 0.00000e+00 0.00000e+00 0.00000e+00 0.00000e+00 0.00000e+00 0.00000e+00
9.70000e+01 3.66218e-14 3.06994e-11 1.51455e-10 1.31545e-10 1.23667e-10 1.43529e-11 5.34652e-15 7.63591e-13 0.00000e+00 0.00000e+00 0.00000e+00 0.00000e+00 0.00000e+00 0.00000e+00 0.00000e+00 0.00000e+00 0.00000e+00 0.00000e+00
1.05000e+02 3.24118e-15 4.93312e-11 9.94702e-11 2.68375e-10 6.10520e-11 1.19633e-11 1.17838e-13 0.00000e+00 0.00000e+00 0.00000e+00 0.00000e+00 0.00000e+00 0.00000e+00 0.00000e+00 0.00000e+00 0.00000e+00 0.00000e+00 0.00000e+00
1.13000e+02 3.32251e-14 4.34250e-12 4.74731e-11 2.51969e-10 2.18449e-10 1.34351e-10 7.19351e-15 0.00000e+00 0.00000e+00 0.00000e+00 0.00000e+00 0.00000e+00 0.00000e+00 0.00000e+00 0.00000e+00 0.00000e+00 0.00000e+00 0.00000e+00
1.23000e+02 3.19523e-12 3.25312e-12 4.27814e-11 2.46533e-10 1.03285e-10 1.04414e-11 5.83262e-13 3.32966e-16 0.00000e+00 0.00000e+00 0.00000e+00 0.00000e+00 0.00000e+00 0.00000e+00 0.00000e+00 0.00000e+00 0.00000e+00 0.00000e+00
1.33000e+02 0.00000e+00 2.93118e-10 1.44987e-10 1.28679e-10 2.35609e-10 7.83170e-11 1.91152e-12 2.83047e-11 0.00000e+00 0.00000e+00 0.00000e+00 0.00000e+00 0.00000e+00 0.00000e+00 0.00000e+00 0.00000e+00 0.00000e+00 0.00000e+00
1.44000e+02 2.06320e-13 6.41007e-11 5.35324e-10 6.74554e-10 3.13734e-10 6.73911e-11 5.48579e-11 1.48269e-14 0.00000e+00 0.00000e+00 0.00000e+00 0.00000e+00 0.00000e+00 0.00000e+00 0.00000e+00 0.00000e+00 0.00000e+00 0.00000e+00
1.56000e+02 5.67293e-15 1.01880e-10 2.19048e-10 3.98394e-10 2.58109e-10 1.56238e-10 1.33494e-11 7.90909e-12 1.98657e-16 0.00000e+00 0.00000e+00 0.00000e+00 0.00000e+00 0.00000e+00 0.00000e+00 0.00000e+00 0.00000e+00 0.00000e+00
1.68000e+02 1.90521e-13 1.94115e-10 3.94019e-10 4.27107e-10 5.16907e-10 1.36519e-10 3.17417e-11 1.04105e-12 2.34799e-16 0.00000e+00 0.00000e+00 0.00000e+00 0.00000e+00 0.00000e+00 0.00000e+00 0.00000e+00 0.00000e+00 0.00000e+00
1.82000e+02 4.93375e-15 3.07181e-11 2.28035e-10 4.34678e-10 4.42251e-10 2.01342e-10 3.06594e-11 4.22098e-12 1.63548e-13 0.00000e+00 0.00000e+00 0.00000e+00 0.00000e+00 0.00000e+00 0.00000e+00 0.00000e+00 0.00000e+00 0.00000e+00
1.97000e+02 3.00028e-12 3.51524e-11 3.89676e-10 5.06574e-10 4.65156e-10 2.36769e-10 9.52845e-11 2.24346e-11 1.90863e-14 0.00000e+00 0.00000e+00 0.00000e+00 0.00000e+00 0.00000e+00 0.00000e+00 0.00000e+00 0.00000e+00 0.00000e+00
2.14000e+02 1.91982e-13 2.65176e-10 1.57122e-10 6.52414e-10 6.99740e-10 3.15238e-10 6.55118e-11 6.00496e-11 9.40754e-14 3.78953e-17 0.00000e+00 0.00000e+00 0.00000e+00 0.00000e+00 0.00000e+00 0.00000e+00 0.00000e+00 0.00000e+00
2.31000e+02 1.58098e-12 3.01676e-11 4.67637e-10 5.47699e-10 4.60431e-10 8.02191e-10 1.77913e-10 3.63524e-12 1.12637e-13 0.00000e+00 0.00000e+00 0.00000e+00 0.00000e+00 0.00000e+00 0.00000e+00 0.00000e+00 0.00000e+00 0.00000e+00
2.50000e+02 4.96762e-13 2.48859e-10 1.30199e-09 9.16317e-10 7.93669e-10 2.56519e-10 1.86960e-10 5.02568e-11 3.39894e-12 2.09487e-14 0.00000e+00 0.00000e+00 0.00000e+00 0.00000e+00 0.00000e+00 0.00000e+00 0.00000e+00 0.00000e+00
2.71000e+02 0.00000e+00 1.98023e-09 1.77666e-10 1.30732e-09 3.32108e-10 6.32083e-10 1.19833e-09 2.25985e-10 1.01821e-11 0.00000e+00 0.00000e+00 0.00000e+00 0.00000e+00 0.00000e+00 0.00000e+00 0.00000e+00 0.00000e+00 0.00000e+00
2.93000e+02 4.34364e-13 2.25222e-13 7.03317e-11 1.14312e-09 7.16868e-10 2.26206e-10 1.34634e-10 8.49241e-11 3.18672e-12 8.56572e-15 0.00000e+00 0.00000e+00 0.00000e+00 0.00000e+00 0.00000e+00 0.00000e+00 0.00000e+00 0.00000e+00
3.17000e+02 5.32086e-17 1.76161e-11 1.06200e-10 6.31295e-10 1.37018e-09 1.22170e-09 5.66777e-10 4.13173e-11 1.16697e-11 5.55644e-15 0.00000e+00 0.00000e+00 0.00000e+00 0.00000e+00 0.00000e+00 0.00000e+00 0.00000e+00 0.00000e+00
3.44000e+02 1.83217e-12 1.33668e-10 4.74529e-10 1.13496e-09 9.46563e-10 8.24198e-10 5.43808e-10 1.52118e-10 2.91364e-11 8.38409e-12 5.26870e-13 0.00000e+00 0.00000e+00 0.00000e+00 0.00000e+00 0.00000e+00 0.00000e+00 0.00000e+00
3.72000e+02 2.38864e-11 5.43978e-11 7.82751e-10 6.73832e-10 9.06090e-10 9.16539e-10 5.74246e-10 1.70016e-10 6.57588e-11 1.43592e-12 3.48250e-16 0.00000e+00 0.00000e+00 0.00000e+00 0.00000e+00 0.00000e+00 0.00000e+00 0.00000e+00
4.02000e+02 2.90533e-11 1.50884e-10 1.41594e-09 4.67239e-10 1.30413e-09 1.66462e-09 5.18519e-10 3.42194e-10 2.41850e-11 1.42107e-11 5.79227e-17 0.00000e+00 0.00000e+00 0.00000e+00 0.00000e+00 0.00000e+00 0.00000e+00 0.00000e+00
4.36000e+02 0.00000e+00 1.46801e-11 1.11460e-09 1.07829e-09 1.62674e-09 9.04062e-10 7.42607e-10 4.91110e-10 5.18879e-11 7.76703e-12 2.88520e-13 0.00000e+00 0.00000e+00 0.00000e+00 0.00000e+00 0.00000e+00 0.00000e+00 0.00000e+00
4.71000e+02 3.91724e-12 5.26514e-10 3.83391e-11 1.79386e-09 1.27981e-09 2.55828e-09 1.35484e-09 2.86580e-10 1.03505e-10 1.32641e-11 2.33227e-12 0.00000e+00 0.00000e+00 0.00000e+00 0.00000e+00 0.00000e+00 0.00000e+00 0.00000e+00
5.10000e+02 0.00000e+00 1.40585e-10 7.80890e-11 7.37170e-10 9.87426e-10 1.88717e-09 1.27331e-09 3.91306e-10 1.17794e-10 1.78430e-11 6.36966e-16 0.00000e+00 0.00000e+00 0.00000e+00 0.00000e+00 0.00000e+00 0.00000e+00 0.00000e+00
5.52000e+02 4.28923e-13 3.33942e-11 7.59434e-10 1.09567e-09 1.65687e-09 2.14590e-09 9.06477e-10 5.56181e-10 1.54017e-10 4.91565e-11 9.83456e-12 5.03521e-17 0.00000e+00 0.00000e+00 0.00000e+00 0.00000e+00 0.00000e+00 0.00000e+00
5.98000e+02 2.50883e-11 8.59105e-11 5.28786e-10 1.18345e-09 1.43705e-09 1.54511e-09 1.14910e-09 5.28675e-10 1.53778e-10 5.17831e-11 5.36023e-12 1.18536e-13 0.00000e+00 0.00000e+00 0.00000e+00 0.00000e+00 0.00000e+00 0.00000e+00
6.47000e+02 9.74660e-14 6.29250e-11 4.22936e-10 1.96591e-09 2.17615e-09 1.73764e-09 1.43960e-09 6.54752e-10 2.35465e-10 9.87220e-11 7.59826e-12 7.48931e-14 0.00000e+00 0.00000e+00 0.00000e+00 0.00000e+00 0.00000e+00 0.00000e+00
7.00000e+02 1.70156e-13 1.82831e-10 5.86683e-10 1.45901e-09 2.26680e-09 2.13474e-09 1.65215e-09 7.58466e-10 3.11718e-10 5.69153e-11 7.93804e-12 7.79226e-13 3.13938e-17 0.00000e+00 0.00000e+00 0.00000e+00 0.00000e+00 0.00000e+00
7.58000e+02 4.59542e-11 6.96138e-10 7.09123e-10 1.60517e-09 1.98878e-09 2.49584e-09 1.49933e-09 1.05132e-09 3.47701e-10 1.20055e-10 1.22008e-11 1.67523e-12 5.56982e-17 0.00000e+00 0.00000e+00 0.00000e+00 0.00000e+00 0.00000e+00
8.20000e+02 2.67276e-12 1.19095e-10 5.23064e-10 9.84295e-10 2.15746e-09 2.53393e-09 1.90024e-09 1.03577e-09 4.38198e-10 8.70526e-11 1.95430e-11 3.03490e-12 8.06223e-16 0.00000e+00 0.00000e+00 0.00000e+00 0.00000e+00 0.00000e+00
8.88000e+02 7.04365e-14 6.88230e-11 1.01341e-09 1.44015e-09 1.89516e-09 2.42994e-09 2.25321e-09 1.35954e-09 4.29039e-10 1.80527e-10 2.85805e-11 2.39624e-12 2.16194e-14 0.00000e+00 0.00000e+00 0.00000e+00 0.00000e+00 0.00000e+00
9.61000e+02 1.00619e-10 1.66991e-11 3.97314e-10 1.72714e-09 1.67515e-09 2.57958e-09 1.54380e-09 6.22640e-10 6.51972e-10 3.35481e-10 2.30666e-11 1.24450e-12 6.79270e-17 1.97196e-12 0.00000e+00 0.00000e+00 0.00000e+00 0.00000e+00
1.04000e+03 0.00000e+00 6.06876e-12 6.77267e-11 4.08880e-09 3.47189e-09 2.28301e-09 2.43736e-09 1.24459e-09 4.54661e-10 2.61164e-10 3.49985e-11 3.78018e-13 2.92100e-13 0.00000e+00 0.00000e+00 0.00000e+00 0.00000e+00 0.00000e+00
1.12500e+03 3.79537e-11 4.15366e-11 1.29572e-09 1.20759e-09 2.15551e-09 2.84654e-09 2.13482e-09 1.66778e-09 7.43889e-10 2.70948e-10 9.17683e-11 2.60776e-11 2.67677e-12 0.00000e+00 0.00000e+00 0.00000e+00 0.00000e+00 0.00000e+00
1.21800e+03 2.36049e-13 1.66950e-10 6.90544e-10 1.37157e-09 2.31771e-09 2.93613e-09 2.71043e-09 1.61862e-09 9.61586e-10 5.10594e-10 1.10875e-10 1.60018e-11 7.53547e-13 3.62192e-18 0.00000e+00 0.00000e+00 0.00000e+00 0.00000e+00
1.31800e+03 3.47733e-12 6.91682e-11 1.35414e-09 2.48318e-09 2.11088e-09 2.93917e-09 2.77673e-09 1.98628e-09 1.10940e-09 3.80638e-10 1.33775e-10 3.22598e-11 8.91282e-13 2.35486e-14 0.00000e+00 0.00000e+00 0.00000e+00 0.00000e+00
1.42700e+03 2.96110e-11 2.37453e-10 1.16842e-09 1.28482e-09 2.94143e-09 2.93365e-09 2.97268e-09 2.45506e-09 1.27539e-09 5.16350e-10 1.12594e-10 5.25596e-11 1.11692e-12 1.30483e-14 1.25125e-15 0.00000e+00 0.00000e+00 0.00000e+00
1.54400e+03 2.34908e-11 4.41707e-10 5.24900e-10 1.35684e-09 3.08210e-09 2.66196e-09 3.14122e-09 2.13332e-09 1.35000e-09 6.36265e-10 1.70912e-10 6.66941e-11 7.11011e-12 1.89213e-14 0.00000e+00 0.00000e+00 0.00000e+00 0.00000e+00
1.67100e+03 1.67960e-12 6.23894e-10 1.89148e-10 1.78488e-09 2.28395e-09 3.79456e-09 3.73588e-09 2.16946e-09 1.41841e-09 7.09858e-10 2.36324e-10 5.00378e-11 1.58763e-11 1.18256e-14 2.05632e-15 0.00000e+00 0.00000e+00 0.00000e+00
1.80800e+03 9.60957e-15 9.73479e-11 1.27176e-09 1.03484e-09 2.76945e-09 4.72693e-09 4.02305e-09 3.11991e-09 1.53900e-09 8.25830e-10 3.39423e-10 1.21679e-10 2.42668e-11 6.93868e-13 6.35526e-15 0.00000e+00 0.00000e+00 0.00000e+00
1.95700e+03 7.34867e-13 4.52409e-11 9.34680e-10 1.45756e-09 3.22317e-09 3.76355e-09 3.37043e-09 3.00152e-09 1.40103e-09 9.82848e-10 3.46049e-10 1.43547e-10 1.39483e-11 1.20235e-13 1.07340e-13 0.00000e+00 0.00000e+00 0.00000e+00
2.29200e+03 1.86528e-12 4.94138e-10 1.00478e-09 1.63267e-09 3.80323e-09 4.09460e-09 4.26210e-09 3.10590e-09 2.36873e-09 1.25861e-09 5.47955e-10 1.78462e-10 4.24685e-11 4.61631e-12 4.53652e-13 1.65934e-17 0.00000e+00 0.00000e+00
2.48100e+03 1.15477e-12 8.82118e-11 4.76967e-10 1.74545e-09 2.26378e-09 4.20535e-09 3.28107e-09 3.49043e-09 2.55604e-09 1.26537e-09 5.72361e-10 1.65088e-10 3.82726e-11 1.64741e-11 1.75091e-13 1.11880e-16 0.00000e+00 0.00000e+00
2.68500e+03 2.28146e-12 3.37005e-10 3.60324e-10 3.99922e-09 3.64627e-09 3.76781e-09 5.44240e-09 3.81463e-09 2.55258e-09 1.58886e-09 7.98457e-10 2.94814e-10 7.52309e-11 3.99643e-11 2.36860e-13 9.10306e-16 0.00000e+00 0.00000e+00
2.90600e+03 6.88951e-13 1.03719e-11 9.25373e-10 1.40290e-09 4.28405e-09 4.35074e-09 4.04755e-09 3.83160e-09 2.91039e-09 1.51791e-09 7.92651e-10 2.21592e-10 4.87308e-11 1.64335e-11 2.25480e-13 8.06199e-14 2.56847e-17 0.00000e+00
3.14500e+03 0.00000e+00 2.89286e-11 4.38956e-10 1.56313e-09 2.34832e-09 5.23909e-09 4.84081e-09 3.51564e-09 3.23341e-09 1.94144e-09 9.92197e-10 2.82679e-10 9.01497e-11 2.77263e-11 7.38481e-14 1.27026e-12 0.00000e+00 0.00000e+00
3.40400e+03 2.18814e-13 7.02246e-10 5.27691e-10 1.59602e-09 2.88576e-09 4.88967e-09 4.95156e-09 3.18390e-09 2.96300e-09 1.51347e-09 1.16207e-09 5.29757e-10 1.35234e-10 1.55717e-11 4.70474e-12 4.85402e-14 0.00000e+00 0.00000e+00
3.68400e+03 3.34832e-11 5.00508e-11 6.28601e-10 1.12281e-09 5.14425e-09 4.72768e-09 4.94855e-09 4.17831e-09 3.24003e-09 2.30894e-09 8.85609e-10 4.34778e-10 1.52155e-10 2.23400e-11 4.34721e-12 3.62823e-15 0.00000e+00 0.00000e+00
3.98600e+03 4.76444e-11 1.35419e-09 6.40423e-10 1.79863e-09 4.31884e-09 5.22078e-09 5.66557e-09 4.18892e-09 3.12511e-09 2.14603e-09 1.15155e-09 5.19583e-10 1.59707e-10 7.32600e-11 6.06730e-12 3.01032e-13 1.65836e-16 0.00000e+00
4.31400e+03 1.84986e-11 1.46405e-10 8.80231e-10 1.89671e-09 3.93560e-09 4.43945e-09 5.81835e-09 4.79285e-09 3.90870e-09 2.51060e-09 1.16912e-09 5.83183e-10 2.76825e-10 3.65614e-11 6.86113e-12 5.06212e-13 8.17734e-16 0.00000e+00
4.66900e+03 0.00000e+00 2.66764e-11 2.24186e-10 1.12510e-09 2.92192e-09 6.52392e-09 4.23514e-09 4.53878e-09 2.80791e-09 1.88666e-09 1.43965e-09 6.59266e-10 3.89788e-10 9.30247e-11 4.72061e-11 4.03432e-13 6.09703e-14 0.00000e+00
