0.00000e+00 2.01255e+00 2.99533e+00 4.45801e+00 6.63494e+00 9.87491e+00 1.46970e+01 2.18738e+01 3.25552e+01 4.84526e+01 7.21129e+01 1.07327e+02 1.59737e+02 2.37739e+02 3.53832e+02 5.26615e+02 7.83771e+02
7.60000e+01 0.00000e+00 0.00000e+00 0.00000e+00 4.60942e-16 0.00000e+00 0.00000e+00 0.00000e+00 0.00000e+00 0.00000e+00 0.00000e+00 0.00000e+00 0.00000e+00 0.00000e+00 0.00000e+00 0.00000e+00 0.00000e+00
8.20000e+01 0.00000e+00 4.08881e-13 1.51771e-14 0.00000e+00 0.00000e+00 0.00000e+00 0.00000e+00 0.00000e+00 0.00000e+00 0.00000e+00 0.00000e+00 0.00000e+00 0.00000e+00 0.00000e+00 0.00000e+00 0.00000e+00
8.90000e+01 0.00000e+00 0.00000e+00 5.14327e-14 0.00000e+00 0.00000e+00 0.00000e+00 0.00000e+00 0.00000e+00 0.00000e+00 0.00000e+00 0.00000e+00 0.00000e+00 0.00000e+00 0.00000e+00 0.00000e+00 0.00000e+00
9.70000e+01 0.00000e+00 0.00000e+00 7.31488e-14 8.91698e-10 1.77920e-12 0.00000e+00 0.00000e+00 0.00000e+00 0.00000e+00 0.00000e+00 0.00000e+00 0.00000e+00 0.00000e+00 0.00000e+00 0.00000e+00 0.00000e+00
1.05000e+02 0.00000e+00 1.61076e-14 5.12301e-12 6.39995e-14 1.35849e-17 0.00000e+00 0.00000e+00 0.00000e+00 0.00000e+00 0.00000e+00 0.00000e+00 0.00000e+00 0.00000e+00 0.00000e+00 0.00000e+00 0.00000e+00
1.13000e+02 0.00000e+00 4.87229e-14 1.90882e-11 3.98740e-15 1.06365e-11 0.00000e+00 0.00000e+00 0.00000e+00 0.00000e+00 0.00000e+00 0.00000e+00 0.00000e+00 0.00000e+00 0.00000e+00 0.00000e+00 0.00000e+00
1.23000e+02 0.00000e+00 1.10469e-15 1.00334e-14 2.08762e-11 3.78895e-13 3.68224e-12 0.00000e+00 0.00000e+00 0.00000e+00 0.00000e+00 0.00000e+00 0.00000e+00 0.00000e+00 0.00000e+00 0.00000e+00 0.00000e+00
1.33000e+02 0.00000e+00 1.21695e-11 2.89147e-13 4.33448e-12 1.11940e-11 1.48337e-14 0.00000e+00 0.00000e+00 0.00000e+00 0.00000e+00 0.00000e+00 0.00000e+00 0.00000e+00 0.00000e+00 0.00000e+00 0.00000e+00
1.44000e+02 0.00000e+00 1.18086e-14 1.00922e-11 6.80084e-10 2.73589e-11 4.67687e-15 0.00000e+00 0.00000e+00 0.00000e+00 0.00000e+00 0.00000e+00 0.00000e+00 0.00000e+00 0.00000e+00 0.00000e+00 0.00000e+00
1.56000e+02 8.08752e-13 5.18526e-12 1.24779e-11 1.46333e-11 4.26076e-12 6.50992e-14 0.00000e+00 0.00000e+00 0.00000e+00 0.00000e+00 0.00000e+00 0.00000e+00 0.00000e+00 0.00000e+00 0.00000e+00 0.00000e+00
1.68000e+02 2.07755e-15 2.67184e-11 8.73477e-11 5.36054e-11 1.86126e-12 2.95488e-11 0.00000e+00 0.00000e+00 0.00000e+00 0.00000e+00 0.00000e+00 0.00000e+00 0.00000e+00 0.00000e+00 0.00000e+00 0.00000e+00
1.82000e+02 4.32488e-17 2.03817e-14 3.69215e-11 3.60554e-10 7.43730e-10 1.03496e-12 0.00000e+00 0.00000e+00 0.00000e+00 0.00000e+00 0.00000e+00 0.00000e+00 0.00000e+00 0.00000e+00 0.00000e+00 0.00000e+00
1.97000e+02 0.00000e+00 8.24472e-11 4.49384e-11 2.48707e-10 1.60179e-10 1.00536e-11 5.62898e-14 0.00000e+00 0.00000e+00 0.00000e+00 0.00000e+00 0.00000e+00 0.00000e+00 0.00000e+00 0.00000e+00 0.00000e+00
2.14000e+02 8.23321e-17 2.19014e-10 2.65802e-10 4.70869e-11 5.99305e-11 1.34818e-11 2.17342e-11 1.41142e-17 0.00000e+00 0.00000e+00 0.00000e+00 0.00000e+00 0.00000e+00 0.00000e+00 0.00000e+00 0.00000e+00
2.31000e+02 2.67641e-12 1.10735e-11 5.47938e-10 1.47464e-10 1.72945e-10 1.84036e-10 6.50092e-12 3.99473e-12 0.00000e+00 0.00000e+00 0.00000e+00 0.00000e+00 0.00000e+00 0.00000e+00 0.00000e+00 0.00000e+00
2.50000e+02 0.00000e+00 1.55740e-11 1.34350e-10 5.36722e-10 8.58682e-10 5.05115e-11 7.14668e-12 8.93305e-12 0.00000e+00 0.00000e+00 0.00000e+00 0.00000e+00 0.00000e+00 0.00000e+00 0.00000e+00 0.00000e+00
2.71000e+02 3.70987e-17 7.76639e-13 6.32046e-10 5.65617e-10 8.71258e-10 2.15601e-10 2.47402e-11 3.94281e-13 0.00000e+00 0.00000e+00 0.00000e+00 0.00000e+00 0.00000e+00 0.00000e+00 0.00000e+00 0.00000e+00
2.93000e+02 1.26296e-12 3.30288e-12 6.90310e-11 1.28862e-09 6.29272e-10 4.70832e-10 2.97292e-10 3.28713e-12 0.00000e+00 0.00000e+00 0.00000e+00 0.00000e+00 0.00000e+00 0.00000e+00 0.00000e+00 0.00000e+00
3.17000e+02 5.10712e-15 2.59340e-11 5.21163e-11 4.76092e-10 4.34007e-10 9.32807e-10 2.48449e-10 6.78847e-12 6.31191e-14 0.00000e+00 0.00000e+00 0.00000e+00 0.00000e+00 0.00000e+00 0.00000e+00 0.00000e+00
3.44000e+02 6.53213e-13 3.24382e-11 7.02738e-11 1.56449e-10 9.34145e-10 1.69711e-09 8.56538e-11 4.92839e-11 5.37382e-15 0.00000e+00 0.00000e+00 0.00000e+00 0.00000e+00 0.00000e+00 0.00000e+00 0.00000e+00
3.72000e+02 8.42144e-13 2.86808e-10 8.39200e-11 1.02557e-09 8.20688e-10 1.42082e-09 3.93661e-10 7.57165e-12 3.71244e-11 0.00000e+00 0.00000e+00 0.00000e+00 0.00000e+00 0.00000e+00 0.00000e+00 0.00000e+00
4.02000e+02 2.31870e-14 8.28024e-11 2.70967e-09 5.30074e-10 9.63779e-10 1.41330e-09 4.47203e-10 8.79391e-11 2.15529e-13 0.00000e+00 0.00000e+00 0.00000e+00 0.00000e+00 0.00000e+00 0.00000e+00 0.00000e+00
4.36000e+02 1.97246e-15 2.63986e-10 9.16822e-10 2.34705e-09 1.60770e-09 1.28559e-09 3.45209e-10 4.60340e-11 4.53019e-12 5.43146e-13 0.00000e+00 0.00000e+00 0.00000e+00 0.00000e+00 0.00000e+00 0.00000e+00
4.71000e+02 1.31662e-10 1.40625e-11 3.52824e-10 1.04366e-09 1.57501e-09 1.58996e-09 1.08060e-09 1.91629e-10 6.16096e-11 1.40966e-15 0.00000e+00 0.00000e+00 0.00000e+00 0.00000e+00 0.00000e+00 0.00000e+00
5.10000e+02 5.02067e-15 7.22495e-10 5.16893e-10 6.44655e-10 1.90611e-09 9.47950e-10 8.07576e-10 2.39437e-10 6.90291e-12 1.02532e-13 0.00000e+00 0.00000e+00 0.00000e+00 0.00000e+00 0.00000e+00 0.00000e+00
5.52000e+02 8.64982e-16 1.07846e-11 4.86216e-10 8.28099e-10 2.45657e-09 3.91131e-09 1.07050e-09 3.80049e-10 5.14413e-11 1.47040e-12 0.00000e+00 0.00000e+00 0.00000e+00 0.00000e+00 0.00000e+00 0.00000e+00
5.98000e+02 6.93271e-11 1.36144e-10 3.41395e-10 7.04163e-10 2.31360e-09 3.11401e-09 1.03903e-09 4.92368e-10 1.62247e-10 5.62611e-13 0.00000e+00 0.00000e+00 0.00000e+00 0.00000e+00 0.00000e+00 0.00000e+00
6.47000e+02 1.08987e-13 5.92090e-11 4.63823e-10 9.48257e-10 2.87309e-09 2.66970e-09 1.77681e-09 7.47915e-10 1.87555e-10 6.72282e-12 1.07447e-13 0.00000e+00 0.00000e+00 0.00000e+00 0.00000e+00 0.00000e+00
7.00000e+02 5.22340e-12 4.12204e-10 5.59317e-10 2.60575e-09 3.92205e-09 3.10013e-09 2.24334e-09 9.57726e-10 2.60370e-10 2.29659e-11 1.25238e-11 0.00000e+00 0.00000e+00 0.00000e+00 0.00000e+00 0.00000e+00
7.58000e+02 6.66998e-14 6.16217e-12 1.39312e-10 3.43756e-09 6.33289e-09 2.70935e-09 2.83487e-09 1.48485e-09 2.57264e-10 1.00840e-10 6.17326e-13 0.00000e+00 0.00000e+00 0.00000e+00 0.00000e+00 0.00000e+00
8.20000e+02 1.05837e-11 1.31500e-09 1.43745e-09 2.29532e-09 4.07551e-09 2.50046e-09 2.63980e-09 1.34330e-09 8.08121e-10 2.51426e-11 1.90623e-13 0.00000e+00 0.00000e+00 0.00000e+00 0.00000e+00 0.00000e+00
8.88000e+02 1.73457e-12 1.98649e-09 5.03381e-10 3.45620e-09 1.84762e-09 6.71756e-09 2.96805e-09 2.53112e-09 4.53569e-10 1.67554e-11 4.68991e-12 0.00000e+00 0.00000e+00 0.00000e+00 0.00000e+00 0.00000e+00
9.61000e+02 3.97488e-10 6.72653e-10 1.70451e-09 1.87008e-09 4.52922e-09 4.51870e-09 3.96704e-09 2.87412e-09 5.86491e-10 2.66961e-10 1.46035e-11 1.32740e-17 0.00000e+00 0.00000e+00 0.00000e+00 0.00000e+00
1.04000e+03 1.42149e-12 2.81816e-12 1.05977e-09 2.01683e-09 3.21521e-09 5.85351e-09 4.21493e-09 1.98476e-09 1.10403e-09 1.26455e-10 4.81365e-12 2.89028e-16 0.00000e+00 0.00000e+00 0.00000e+00 0.00000e+00
1.12500e+03 2.03213e-11 3.46471e-10 1.79824e-09 3.05287e-09 6.39730e-09 6.94279e-09 4.93696e-09 2.69302e-09 1.21271e-09 2.34010e-10 4.37999e-11 1.56153e-13 0.00000e+00 0.00000e+00 0.00000e+00 0.00000e+00
1.21800e+03 1.55680e-11 1.01318e-09 1.46853e-09 1.97341e-09 6.15838e-09 6.93826e-09 5.90549e-09 3.81388e-09 1.42867e-09 3.45483e-10 1.12863e-10 1.09671e-12 1.88415e-15 0.00000e+00 0.00000e+00 0.00000e+00
1.31800e+03 5.75532e-14 7.43080e-10 7.82376e-10 2.73050e-09 6.28982e-09 8.48579e-09 6.34534e-09 5.29010e-09 1.81956e-09 6.49216e-10 1.20368e-10 2.68914e-12 2.88365e-15 0.00000e+00 0.00000e+00 0.00000e+00
1.42700e+03 2.37788e-10 2.73751e-11 7.70676e-10 3.24278e-09 7.71603e-09 7.02492e-09 6.15144e-09 4.89716e-09 2.16070e-09 6.80601e-10 2.82623e-10 1.24397e-11 1.46713e-15 0.00000e+00 0.00000e+00 0.00000e+00
1.67100e+03 7.74999e-11 2.56641e-11 8.96471e-10 2.76931e-09 4.43435e-09 8.67664e-09 7.01583e-09 7.43741e-09 3.44938e-09 8.30747e-10 1.48939e-10 4.13027e-11 4.03612e-14 6.98360e-16 0.00000e+00 0.00000e+00
1.80800e+03 4.63736e-13 6.68253e-11 2.73738e-10 5.60598e-09 6.75733e-09 9.93421e-09 1.17241e-08 7.17539e-09 3.48703e-09 1.20027e-09 2.36149e-10 1.62655e-10 5.32264e-13 5.56130e-15 0.00000e+00 0.00000e+00
1.95700e+03 4.33717e-14 4.17763e-11 3.15826e-09 3.54888e-09 6.36942e-09 8.79485e-09 1.07641e-08 7.55973e-09 4.82690e-09 1.92616e-09 3.68344e-10 1.70401e-10 3.50405e-12 4.35851e-13 0.00000e+00 0.00000e+00
2.11800e+03 6.64243e-10 6.33664e-10 4.44037e-10 5.83094e-09 1.10517e-08 1.14420e-08 1.28206e-08 7.40854e-09 5.23428e-09 1.79830e-09 6.00911e-10 1.22631e-10 2.12665e-12 2.75610e-16 0.00000e+00 0.00000e+00
2.29200e+03 1.22878e-11 3.92405e-10 1.81407e-09 3.67984e-09 7.64098e-09 1.01060e-08 1.19060e-08 1.18844e-08 7.40832e-09 2.48696e-09 7.25239e-10 1.18933e-10 1.53474e-11 1.05605e-16 0.00000e+00 0.00000e+00
2.48100e+03 6.88136e-13 6.09707e-10 6.91413e-10 2.63223e-09 8.02623e-09 9.85036e-09 1.31524e-08 1.15583e-08 6.04414e-09 2.93179e-09 9.12379e-10 2.11904e-10 3.52475e-11 1.11352e-13 0.00000e+00 0.00000e+00
2.68500e+03 7.84194e-12 7.95804e-11 1.16680e-09 2.59418e-09 5.56254e-09 1.25477e-08 1.58099e-08 1.09935e-08 6.96323e-09 3.76054e-09 8.93655e-10 3.57754e-10 6.85531e-11 2.90908e-13 0.00000e+00 0.00000e+00
2.90600e+03 8.99132e-13 3.93761e-10 8.34992e-10 7.29161e-09 1.55370e-08 1.69574e-08 1.64902e-08 1.27399e-08 1.01077e-08 3.88191e-09 1.53331e-09 3.94066e-10 9.53431e-11 2.51624e-13 1.77994e-13 0.00000e+00
3.14500e+03 0.00000e+00 3.12063e-09 1.02260e-09 3.70808e-09 8.11111e-09 1.36678e-08 1.86946e-08 1.28514e-08 7.89652e-09 6.62438e-09 1.51076e-09 4.91013e-10 1.35925e-10 3.36620e-12 5.71147e-18 0.00000e+00
3.40400e+03 3.03340e-13 1.22922e-10 2.03537e-09 6.44502e-09 7.77607e-09 1.42609e-08 1.55274e-08 1.70366e-08 1.00084e-08 6.79257e-09 1.99859e-09 6.36117e-10 1.23572e-10 3.93290e-11 1.75784e-14 0.00000e+00
3.68400e+03 8.18976e-15 4.67970e-10 1.36067e-09 2.53169e-09 1.02833e-08 1.04252e-08 1.51237e-08 1.69792e-08 1.35193e-08 7.40643e-09 3.09227e-09 5.58920e-10 1.96744e-10 3.46575e-12 5.31432e-13 0.00000e+00
3.98600e+03 7.50364e-14 1.54885e-09 3.59450e-09 5.04705e-09 1.11089e-08 1.55365e-08 1.68677e-08 1.83820e-08 1.23507e-08 7.32774e-09 3.30298e-09 8.86470e-10 1.83392e-10 1.06257e-10 5.44315e-13 0.00000e+00
4.31400e+03 0.00000e+00 1.40451e-13 3.49008e-10 5.67156e-10 1.15007e-08 1.76370e-08 1.50562e-08 1.31986e-08 1.14334e-08 8.21329e-09 3.15452e-09 1.84954e-09 1.29354e-10 4.14780e-12 1.08056e-13 0.00000e+00
4.66900e+03 1.80146e-10 1.72529e-10 1.06878e-08 1.01677e-08 6.54484e-09 1.68315e-08 1.75885e-08 2.16211e-08 1.68952e-08 7.95036e-09 4.38029e-09 1.49153e-09 2.10907e-10 7.07977e-11 8.88685e-12 0.00000e+00
