0.00000e+00 1.35223e+00 2.01255e+00 2.99533e+00 4.45801e+00 6.63494e+00 9.87491e+00 1.46970e+01 2.18738e+01 3.25552e+01 4.84526e+01 7.21129e+01 1.07327e+02 1.59737e+02 2.37739e+02 3.53832e+02 5.26615e+02 7.83771e+02 1.16650e+03 1.73613e+03 2.58391e+03
6.00000e+01 0.00000e+00 0.00000e+00 0.00000e+00 2.39130e-12 4.19884e-11 1.62530e-12 1.25754e-11 0.00000e+00 0.00000e+00 0.00000e+00 0.00000e+00 0.00000e+00 0.00000e+00 0.00000e+00 0.00000e+00 0.00000e+00 0.00000e+00 0.00000e+00 0.00000e+00 0.00000e+00
6.50000e+01 0.00000e+00 0.00000e+00 7.12829e-14 4.69665e-13 1.34703e-12 3.68693e-11 2.04017e-11 3.03233e-12 0.00000e+00 0.00000e+00 0.00000e+00 0.00000e+00 0.00000e+00 0.00000e+00 0.00000e+00 0.00000e+00 0.00000e+00 0.00000e+00 0.00000e+00 0.00000e+00
7.00000e+01 0.00000e+00 2.29363e-10 6.86612e-13 7.98571e-11 3.81747e-11 7.79334e-11 7.15855e-11 4.00682e-13 0.00000e+00 0.00000e+00 0.00000e+00 0.00000e+00 0.00000e+00 0.00000e+00 0.00000e+00 0.00000e+00 0.00000e+00 0.00000e+00 0.00000e+00 0.00000e+00
7.60000e+01 0.00000e+00 1.84538e-13 3.16939e-13 9.24887e-11 1.38713e-10 9.38171e-11 6.54066e-12 6.93730e-13 0.00000e+00 0.00000e+00 0.00000e+00 0.00000e+00 0.00000e+00 0.00000e+00 0.00000e+00 0.00000e+00 0.00000e+00 0.00000e+00 0.00000e+00 0.00000e+00
8.20000e+01 0.00000e+00 0.00000e+00 1.04781e-11 8.73375e-11 1.27484e-10 1.03626e-10 5.51249e-11 8.91504e-13 0.00000e+00 0.00000e+00 0.00000e+00 0.00000e+00 0.00000e+00 0.00000e+00 0.00000e+00 0.00000e+00 0.00000e+00 0.00000e+00 0.00000e+00 0.00000e+00
8.90000e+01 1.00479e-14 6.01053e-15 5.21682e-12 1.72134e-11 3.26334e-10 1.34409e-10 4.20762e-11 2.90723e-11 0.00000e+00 0.00000e+00 0.00000e+00 0.00000e+00 0.00000e+00 0.00000e+00 0.00000e+00 0.00000e+00 0.00000e+00 0.00000e+00 0.00000e+00 0.00000e+00
9.70000e+01 4.07213e-11 3.02244e-14 8.97383e-11 8.98358e-11 3.09400e-10 1.62735e-10 1.53174e-10 1.02775e-11 5.05964e-15 0.00000e+00 0.00000e+00 0.00000e+00 0.00000e+00 0.00000e+00 0.00000e+00 0.00000e+00 0.00000e+00 0.00000e+00 0.00000e+00 0.00000e+00
1.05000e+02 0.00000e+00 6.45785e-13 2.01219e-12 2.55340e-11 1.81465e-10 2.90379e-10 1.40149e-10 2.34830e-11 6.70988e-12 0.00000e+00 0.00000e+00 0.00000e+00 0.00000e+00 0.00000e+00 0.00000e+00 0.00000e+00 0.00000e+00 0.00000e+00 0.00000e+00 0.00000e+00
1.13000e+02 0.00000e+00 0.00000e+00 1.15290e-13 8.52141e-10 5.81244e-10 3.11522e-10 1.71784e-10 4.38835e-12 2.35299e-14 3.82192e-14 0.00000e+00 0.00000e+00 0.00000e+00 0.00000e+00 0.00000e+00 0.00000e+00 0.00000e+00 0.00000e+00 0.00000e+00 0.00000e+00
1.23000e+02 0.00000e+00 1.19306e-14 0.00000e+00 1.23111e-11 4.93185e-11 2.59923e-10 2.21754e-10 2.12991e-11 1.08095e-12 0.00000e+00 0.00000e+00 0.00000e+00 0.00000e+00 0.00000e+00 0.00000e+00 0.00000e+00 0.00000e+00 0.00000e+00 0.00000e+00 0.00000e+00
1.33000e+02 0.00000e+00 0.00000e+00 6.81496e-10 2.00814e-11 3.44084e-10 5.16586e-10 1.85473e-10 4.50885e-11 5.76742e-11 0.00000e+00 0.00000e+00 0.00000e+00 0.00000e+00 0.00000e+00 0.00000e+00 0.00000e+00 0.00000e+00 0.00000e+00 0.00000e+00 0.00000e+00
1.44000e+02 0.00000e+00 1.18442e-15 7.01470e-10 2.12739e-11 2.68748e-10 6.33797e-10 7.45825e-10 9.99598e-11 1.21497e-10 1.96557e-14 0.00000e+00 0.00000e+00 0.00000e+00 0.00000e+00 0.00000e+00 0.00000e+00 0.00000e+00 0.00000e+00 0.00000e+00 0.00000e+00
1.56000e+02 0.00000e+00 1.06347e-14 1.90336e-10 6.88975e-11 2.19451e-10 6.72540e-10 3.82673e-10 2.09967e-10 4.45620e-11 2.90527e-14 0.00000e+00 0.00000e+00 0.00000e+00 0.00000e+00 0.00000e+00 0.00000e+00 0.00000e+00 0.00000e+00 0.00000e+00 0.00000e+00
1.68000e+02 1.23578e-14 2.36704e-11 8.29693e-12 1.25644e-10 2.30532e-10 6.75386e-10 6.09127e-10 3.72543e-10 5.67176e-11 2.15017e-11 0.00000e+00 0.00000e+00 0.00000e+00 0.00000e+00 0.00000e+00 0.00000e+00 0.00000e+00 0.00000e+00 0.00000e+00 0.00000e+00
1.82000e+02 0.00000e+00 2.45773e-13 2.30725e-11 9.54203e-11 3.25491e-10 5.82710e-10 5.27982e-10 3.70452e-10 7.51658e-11 3.32832e-12 9.58974e-13 0.00000e+00 0.00000e+00 0.00000e+00 0.00000e+00 0.00000e+00 0.00000e+00 0.00000e+00 0.00000e+00 0.00000e+00
1.97000e+02 0.00000e+00 4.52692e-14 7.99454e-11 3.44893e-10 4.92065e-10 7.84749e-10 6.65592e-10 3.73999e-10 1.42288e-10 5.42188e-12 1.39269e-13 0.00000e+00 0.00000e+00 0.00000e+00 0.00000e+00 0.00000e+00 0.00000e+00 0.00000e+00 0.00000e+00 0.00000e+00
2.14000e+02 4.47649e-15 7.91927e-13 5.37216e-12 3.90808e-10 3.92972e-10 8.59979e-10 1.02374e-09 5.74789e-10 1.08193e-10 4.03243e-11 4.08088e-13 0.00000e+00 0.00000e+00 0.00000e+00 0.00000e+00 0.00000e+00 0.00000e+00 0.00000e+00 0.00000e+00 0.00000e+00
2.31000e+02 0.00000e+00 0.00000e+00 7.00129e-13 1.47176e-11 1.14554e-09 1.47920e-09 1.15951e-09 4.86937e-10 1.25239e-10 8.05741e-11 9.97622e-14 0.00000e+00 0.00000e+00 0.00000e+00 0.00000e+00 0.00000e+00 0.00000e+00 0.00000e+00 0.00000e+00 0.00000e+00
2.50000e+02 0.00000e+00 2.58161e-11 7.25634e-12 1.95061e-10 7.15225e-10 7.87926e-10 1.02241e-09 4.72135e-10 4.78768e-10 2.52316e-10 1.45700e-12 1.69794e-16 0.00000e+00 0.00000e+00 0.00000e+00 0.00000e+00 0.00000e+00 0.00000e+00 0.00000e+00 0.00000e+00
2.71000e+02 0.00000e+00 0.00000e+00 0.00000e+00 2.56704e-09 6.32048e-10 3.59472e-09 3.03143e-09 3.10566e-10 6.14865e-10 3.66816e-11 1.82006e-10 0.00000e+00 0.00000e+00 0.00000e+00 0.00000e+00 0.00000e+00 0.00000e+00 0.00000e+00 0.00000e+00 0.00000e+00
2.93000e+02 0.00000e+00 0.00000e+00 1.13648e-10 6.46778e-13 7.66957e-10 5.86287e-10 4.02199e-10 7.49951e-10 4.88096e-10 7.49959e-11 6.53694e-12 1.80420e-14 0.00000e+00 0.00000e+00 0.00000e+00 0.00000e+00 0.00000e+00 0.00000e+00 0.00000e+00 0.00000e+00
3.17000e+02 0.00000e+00 0.00000e+00 2.96317e-13 2.72849e-10 2.47353e-10 1.53353e-09 1.88999e-09 1.47703e-09 9.73922e-10 3.89004e-11 2.82920e-12 4.21757e-17 0.00000e+00 0.00000e+00 0.00000e+00 0.00000e+00 0.00000e+00 0.00000e+00 0.00000e+00 0.00000e+00
3.44000e+02 9.26065e-11 6.05675e-10 6.44727e-12 4.38806e-10 1.07420e-09 1.41397e-09 1.66959e-09 1.19184e-09 6.78886e-10 2.14560e-10 5.78535e-11 2.00040e-13 3.17570e-17 0.00000e+00 0.00000e+00 0.00000e+00 0.00000e+00 0.00000e+00 0.00000e+00 0.00000e+00
3.72000e+02 3.05091e-17 4.11175e-14 4.14931e-11 1.41080e-10 1.21971e-09 1.35462e-09 1.78538e-09 1.33945e-09 6.53151e-10 1.80925e-10 9.82817e-11 2.33351e-12 2.96897e-15 0.00000e+00 0.00000e+00 0.00000e+00 0.00000e+00 0.00000e+00 0.00000e+00 0.00000e+00
4.02000e+02 0.00000e+00 0.00000e+00 7.21238e-10 2.87112e-11 4.66730e-10 2.30866e-09 1.28513e-09 2.09999e-09 1.19795e-09 1.88436e-10 2.36919e-10 1.06488e-11 8.78618e-15 0.00000e+00 0.00000e+00 0.00000e+00 0.00000e+00 0.00000e+00 0.00000e+00 0.00000e+00
4.36000e+02 0.00000e+00 0.00000e+00 6.73944e-11 2.57747e-10 2.39442e-10 3.61367e-09 1.55431e-09 1.90313e-09 1.00606e-09 3.71964e-10 2.24043e-10 1.98662e-12 0.00000e+00 0.00000e+00 0.00000e+00 0.00000e+00 0.00000e+00 0.00000e+00 0.00000e+00 0.00000e+00
4.71000e+02 0.00000e+00 0.00000e+00 1.46420e-10 1.20849e-10 1.45795e-09 9.70790e-10 3.40235e-09 3.44614e-09 1.54236e-09 8.17398e-10 3.64720e-11 3.29576e-11 1.41313e-13 0.00000e+00 0.00000e+00 0.00000e+00 0.00000e+00 0.00000e+00 0.00000e+00 0.00000e+00
5.10000e+02 0.00000e+00 0.00000e+00 0.00000e+00 3.22383e-10 2.75197e-10 1.55444e-09 3.76462e-09 1.50483e-09 2.11927e-09 2.93363e-10 1.33336e-10 1.21086e-11 0.00000e+00 0.00000e+00 0.00000e+00 0.00000e+00 0.00000e+00 0.00000e+00 0.00000e+00 0.00000e+00
5.52000e+02 0.00000e+00 8.85251e-15 7.56175e-10 1.30612e-09 8.00939e-10 1.64165e-09 2.65274e-09 2.20859e-09 2.03942e-09 6.87253e-10 2.67493e-10 4.36465e-11 6.25895e-13 1.54734e-18 0.00000e+00 0.00000e+00 0.00000e+00 0.00000e+00 0.00000e+00 0.00000e+00
5.98000e+02 0.00000e+00 1.98217e-11 2.35393e-11 3.63681e-10 1.32548e-09 1.33113e-09 2.24837e-09 2.34547e-09 1.54397e-09 7.88517e-10 3.02156e-10 5.54583e-11 3.75489e-12 3.97447e-13 0.00000e+00 0.00000e+00 0.00000e+00 0.00000e+00 0.00000e+00 0.00000e+00
6.47000e+02 0.00000e+00 1.33269e-15 6.23880e-11 8.89703e-10 1.17743e-09 1.81329e-09 2.60601e-09 2.80808e-09 1.99244e-09 1.17009e-09 4.94685e-10 8.89885e-11 7.02463e-12 1.61770e-15 0.00000e+00 0.00000e+00 0.00000e+00 0.00000e+00 0.00000e+00 0.00000e+00
7.00000e+02 1.22260e-14 8.84467e-12 7.86393e-11 3.27030e-10 4.61947e-10 2.19440e-09 2.94624e-09 2.77029e-09 2.34480e-09 1.25529e-09 5.44580e-10 1.40263e-10 3.22110e-11 6.38360e-14 0.00000e+00 0.00000e+00 0.00000e+00 0.00000e+00 0.00000e+00 0.00000e+00
7.58000e+02 0.00000e+00 1.41399e-12 1.63484e-10 3.14963e-10 1.44519e-09 2.11257e-09 2.22511e-09 3.44666e-09 2.35180e-09 1.74761e-09 5.76857e-10 1.74854e-10 3.81560e-11 2.01820e-12 8.33752e-16 0.00000e+00 0.00000e+00 0.00000e+00 0.00000e+00 0.00000e+00
8.20000e+02 0.00000e+00 2.10960e-13 7.55168e-11 3.58731e-10 8.10047e-10 1.64489e-09 2.90045e-09 2.93540e-09 2.96873e-09 1.81307e-09 6.38975e-10 1.62770e-10 3.14213e-11 8.25601e-13 2.76300e-17 0.00000e+00 0.00000e+00 0.00000e+00 0.00000e+00 0.00000e+00
8.88000e+02 6.22234e-13 3.34322e-12 1.54552e-10 3.74364e-10 9.65573e-10 2.21801e-09 2.55176e-09 3.86467e-09 3.31388e-09 1.80076e-09 7.99624e-10 2.30516e-10 7.17191e-11 1.94203e-12 6.60895e-16 0.00000e+00 0.00000e+00 0.00000e+00 0.00000e+00 0.00000e+00
9.61000e+02 0.00000e+00 0.00000e+00 5.46884e-11 6.00538e-11 6.83662e-10 3.93972e-09 4.37760e-09 1.65158e-09 2.21093e-09 1.56631e-09 9.34511e-10 2.89731e-10 5.26304e-11 6.37228e-13 1.20376e-12 0.00000e+00 0.00000e+00 0.00000e+00 0.00000e+00 0.00000e+00
1.04000e+03 0.00000e+00 5.66434e-11 1.74368e-11 2.41079e-11 4.89582e-10 2.08783e-09 4.30760e-09 1.52000e-09 3.80403e-09 1.59073e-09 1.62562e-09 4.47637e-10 1.92657e-10 1.57181e-12 2.23924e-14 0.00000e+00 0.00000e+00 0.00000e+00 0.00000e+00 0.00000e+00
1.12500e+03 0.00000e+00 7.96624e-11 4.14141e-10 1.54101e-09 8.11203e-10 3.39339e-09 2.59058e-09 3.88707e-09 3.56847e-09 2.16946e-09 1.17986e-09 3.92827e-10 1.65305e-10 1.97714e-11 5.29502e-13 0.00000e+00 0.00000e+00 0.00000e+00 0.00000e+00 0.00000e+00
1.21800e+03 0.00000e+00 0.00000e+00 1.84322e-11 2.20118e-10 1.23790e-09 3.43269e-09 4.29183e-09 4.64529e-09 3.40172e-09 2.69031e-09 1.36022e-09 6.25576e-10 1.11315e-10 2.84427e-11 2.53601e-12 1.97160e-15 0.00000e+00 0.00000e+00 0.00000e+00 0.00000e+00
1.31800e+03 0.00000e+00 2.04437e-15 3.29432e-11 2.85593e-10 1.61448e-09 2.33621e-09 3.46131e-09 4.65813e-09 3.57245e-09 3.24730e-09 1.54423e-09 5.82538e-10 2.50292e-10 6.36149e-11 8.46692e-12 2.70325e-14 0.00000e+00 0.00000e+00 0.00000e+00 0.00000e+00
1.42700e+03 0.00000e+00 7.35396e-13 4.63129e-11 5.53707e-10 2.24020e-09 1.49705e-09 3.67482e-09 5.19285e-09 4.17016e-09 3.55048e-09 1.96844e-09 7.46508e-10 2.06913e-10 5.51828e-11 6.72319e-12 2.20455e-13 0.00000e+00 0.00000e+00 0.00000e+00 0.00000e+00
1.54400e+03 0.00000e+00 1.33578e-16 2.21175e-12 4.85622e-10 2.28418e-09 2.36520e-09 4.76481e-09 4.52678e-09 4.04971e-09 3.57312e-09 1.91077e-09 8.65792e-10 2.53230e-10 5.09818e-11 1.32984e-11 2.08100e-13 0.00000e+00 0.00000e+00 0.00000e+00 0.00000e+00
1.67100e+03 1.77387e-12 2.05331e-12 1.31539e-12 1.37080e-09 9.91558e-10 2.11835e-09 4.78237e-09 4.59898e-09 4.66272e-09 3.38915e-09 2.42232e-09 1.08918e-09 3.20945e-10 9.46573e-11 1.46966e-11 3.96382e-14 0.00000e+00 0.00000e+00 0.00000e+00 0.00000e+00
1.80800e+03 0.00000e+00 3.68358e-12 1.15054e-10 2.86196e-10 1.60425e-09 3.91378e-09 4.35513e-09 5.80976e-09 4.90691e-09 4.35223e-09 2.90018e-09 1.66486e-09 4.02031e-10 9.37926e-11 2.76773e-11 3.69499e-13 5.46262e-17 0.00000e+00 0.00000e+00 0.00000e+00
1.95700e+03 2.81464e-16 9.70121e-15 4.93533e-11 2.97901e-11 8.69783e-10 4.51607e-09 3.86499e-09 5.33102e-09 4.88891e-09 4.32569e-09 2.54738e-09 1.12296e-09 6.72750e-10 1.57171e-10 2.70981e-11 5.18135e-13 4.17939e-15 0.00000e+00 0.00000e+00 0.00000e+00
2.29200e+03 2.13041e-14 1.32687e-11 1.92691e-10 7.09806e-10 9.34322e-10 4.76867e-09 4.60757e-09 7.15832e-09 6.13348e-09 5.00591e-09 2.85222e-09 1.95451e-09 8.09521e-10 2.86438e-10 4.70630e-11 1.18979e-11 3.03943e-14 6.07174e-18 0.00000e+00 0.00000e+00
2.48100e+03 1.43643e-13 0.00000e+00 3.60440e-11 1.34484e-09 1.08146e-09 3.43853e-09 3.60898e-09 6.98122e-09 5.69709e-09 5.74753e-09 3.33457e-09 1.63331e-09 7.75187e-10 2.29699e-10 5.26536e-11 4.75301e-12 1.26084e-14 0.00000e+00 0.00000e+00 0.00000e+00
2.68500e+03 0.00000e+00 7.85517e-13 5.08021e-11 1.63162e-10 4.94116e-09 3.90842e-09 6.42397e-09 7.02030e-09 7.20687e-09 5.67022e-09 4.08963e-09 2.50696e-09 9.95671e-10 3.96883e-10 1.25988e-10 1.34940e-11 2.99056e-13 8.66656e-15 0.00000e+00 0.00000e+00
2.90600e+03 1.03458e-10 3.33352e-14 7.80551e-11 3.60979e-10 1.42099e-09 2.46435e-09 3.97098e-09 5.65353e-09 6.81800e-09 6.55766e-09 3.86147e-09 2.16335e-09 1.14270e-09 4.73827e-10 6.93320e-11 1.96924e-11 3.42495e-14 0.00000e+00 0.00000e+00 0.00000e+00
3.14500e+03 0.00000e+00 1.26309e-13 7.36417e-10 4.25233e-11 2.68550e-09 1.57601e-09 4.42342e-09 7.03834e-09 7.88971e-09 6.80945e-09 4.29330e-09 2.71614e-09 1.27410e-09 4.44283e-10 1.06456e-10 2.33038e-11 4.10167e-13 0.00000e+00 0.00000e+00 0.00000e+00
3.40400e+03 0.00000e+00 2.04274e-13 5.68826e-10 7.20622e-10 3.61558e-10 2.62913e-09 7.52271e-09 1.03037e-08 6.31324e-09 5.44144e-09 4.24762e-09 2.26747e-09 1.45419e-09 5.34715e-10 1.67066e-10 4.88070e-11 6.79547e-12 8.74944e-16 0.00000e+00 0.00000e+00
3.68400e+03 0.00000e+00 0.00000e+00 4.11414e-13 3.81066e-11 1.71148e-09 4.46207e-09 3.77797e-09 7.19431e-09 7.12428e-09 6.59333e-09 5.37413e-09 2.85598e-09 1.37428e-09 6.77058e-10 2.83040e-10 3.25938e-11 2.78260e-12 3.79491e-13 0.00000e+00 0.00000e+00
3.98600e+03 0.00000e+00 2.12916e-13 1.57832e-10 3.93386e-10 1.26010e-09 5.96991e-09 5.07130e-09 7.74343e-09 8.06648e-09 6.13990e-09 4.40645e-09 3.25955e-09 1.80961e-09 8.07263e-10 3.03570e-10 4.45565e-11 1.83886e-11 2.48068e-13 1.22341e-13 0.00000e+00
4.31400e+03 0.00000e+00 7.26044e-13 2.79475e-10 7.52320e-11 1.75413e-09 1.53239e-09 8.45944e-09 7.27502e-09 7.02890e-09 6.98759e-09 5.81428e-09 3.78075e-09 2.07128e-09 8.20020e-10 2.69626e-10 8.61234e-11 1.54835e-11 1.10670e-12 4.75048e-14 0.00000e+00
4.66900e+03 0.00000e+00 7.81708e-11 9.26329e-13 3.58943e-09 4.36721e-09 5.15466e-09 9.48618e-09 6.38627e-09 9.84230e-09 6.71085e-09 3.85474e-09 2.90403e-09 1.93511e-09 1.02764e-09 3.83539e-10 6.03638e-11 1.09267e-11 2.04283e-13 1.82762e-16 0.00000e+00
