0.00000e+00 4.45801e+00 6.63494e+00 9.87491e+00 1.46970e+01 2.18738e+01 3.25552e+01 4.84526e+01 7.21129e+01 1.07327e+02 1.59737e+02 2.37739e+02 3.53832e+02 5.26615e+02 7.83771e+02 1.16650e+03 1.73613e+03 2.58391e+03 3.84568e+03 5.72361e+03 8.51855e+03 1.26783e+04 1.88694e+04 2.80837e+04
6.00000e+01 0.00000e+00 7.97015e-14 1.32585e-11 1.18879e-13 0.00000e+00 0.00000e+00 0.00000e+00 0.00000e+00 0.00000e+00 0.00000e+00 0.00000e+00 0.00000e+00 0.00000e+00 0.00000e+00 0.00000e+00 0.00000e+00 0.00000e+00 0.00000e+00 0.00000e+00 0.00000e+00 0.00000e+00 0.00000e+00 0.00000e+00
6.50000e+01 1.54969e-15 1.34879e-11 2.39903e-11 3.45905e-12 3.35907e-15 0.00000e+00 0.00000e+00 0.00000e+00 0.00000e+00 0.00000e+00 0.00000e+00 0.00000e+00 0.00000e+00 0.00000e+00 0.00000e+00 0.00000e+00 0.00000e+00 0.00000e+00 0.00000e+00 0.00000e+00 0.00000e+00 0.00000e+00 0.00000e+00
7.00000e+01 7.61834e-16 3.75134e-12 4.02106e-11 2.99326e-11 3.90914e-15 0.00000e+00 0.00000e+00 0.00000e+00 0.00000e+00 0.00000e+00 0.00000e+00 0.00000e+00 0.00000e+00 0.00000e+00 0.00000e+00 0.00000e+00 0.00000e+00 0.00000e+00 0.00000e+00 0.00000e+00 0.00000e+00 0.00000e+00 0.00000e+00
7.60000e+01 1.11422e-13 9.95021e-12 2.59157e-11 2.41730e-11 1.69242e-14 0.00000e+00 0.00000e+00 0.00000e+00 0.00000e+00 0.00000e+00 0.00000e+00 0.00000e+00 0.00000e+00 0.00000e+00 0.00000e+00 0.00000e+00 0.00000e+00 0.00000e+00 0.00000e+00 0.00000e+00 0.00000e+00 0.00000e+00 0.00000e+00
8.20000e+01 0.00000e+00 5.52253e-11 1.51236e-11 5.88443e-12 4.36080e-13 4.33148e-19 0.00000e+00 0.00000e+00 0.00000e+00 0.00000e+00 0.00000e+00 0.00000e+00 0.00000e+00 0.00000e+00 0.00000e+00 0.00000e+00 0.00000e+00 0.00000e+00 0.00000e+00 0.00000e+00 0.00000e+00 0.00000e+00 0.00000e+00
8.90000e+01 1.36795e-13 1.31784e-11 2.97004e-11 1.38498e-11 3.17604e-12 0.00000e+00 0.00000e+00 0.00000e+00 0.00000e+00 0.00000e+00 0.00000e+00 0.00000e+00 0.00000e+00 0.00000e+00 0.00000e+00 0.00000e+00 0.00000e+00 0.00000e+00 0.00000e+00 0.00000e+00 0.00000e+00 0.00000e+00 0.00000e+00
9.70000e+01 2.40258e-12 2.26187e-11 4.11615e-11 2.75583e-11 1.11719e-11 7.24307e-14 0.00000e+00 0.00000e+00 0.00000e+00 0.00000e+00 0.00000e+00 0.00000e+00 0.00000e+00 0.00000e+00 0.00000e+00 0.00000e+00 0.00000e+00 0.00000e+00 0.00000e+00 0.00000e+00 0.00000e+00 0.00000e+00 0.00000e+00
1.05000e+02 9.08140e-14 4.31311e-11 6.39275e-11 2.66590e-11 1.72237e-11 1.84405e-13 0.00000e+00 0.00000e+00 0.00000e+00 0.00000e+00 0.00000e+00 0.00000e+00 0.00000e+00 0.00000e+00 0.00000e+00 0.00000e+00 0.00000e+00 0.00000e+00 0.00000e+00 0.00000e+00 0.00000e+00 0.00000e+00 0.00000e+00
1.13000e+02 1.39067e-12 2.54263e-11 3.54099e-11 2.71467e-11 1.52556e-11 4.48351e-13 0.00000e+00 0.00000e+00 0.00000e+00 0.00000e+00 0.00000e+00 0.00000e+00 0.00000e+00 0.00000e+00 0.00000e+00 0.00000e+00 0.00000e+00 0.00000e+00 0.00000e+00 0.00000e+00 0.00000e+00 0.00000e+00 0.00000e+00
1.23000e+02 1.06154e-13 2.26180e-11 1.46534e-10 6.22746e-11 3.17414e-11 2.90573e-12 1.70934e-18 0.00000e+00 0.00000e+00 0.00000e+00 0.00000e+00 0.00000e+00 0.00000e+00 0.00000e+00 0.00000e+00 0.00000e+00 0.00000e+00 0.00000e+00 0.00000e+00 0.00000e+00 0.00000e+00 0.00000e+00 0.00000e+00
1.33000e+02 9.16794e-12 2.85600e-12 1.14168e-10 1.10689e-10 2.08546e-11 1.03992e-12 1.80673e-15 0.00000e+00 0.00000e+00 0.00000e+00 0.00000e+00 0.00000e+00 0.00000e+00 0.00000e+00 0.00000e+00 0.00000e+00 0.00000e+00 0.00000e+00 0.00000e+00 0.00000e+00 0.00000e+00 0.00000e+00 0.00000e+00
1.44000e+02 1.25947e-12 3.15819e-11 1.32286e-10 7.37921e-11 4.09042e-11 2.96670e-12 8.17328e-16 0.00000e+00 0.00000e+00 0.00000e+00 0.00000e+00 0.00000e+00 0.00000e+00 0.00000e+00 0.00000e+00 0.00000e+00 0.00000e+00 0.00000e+00 0.00000e+00 0.00000e+00 0.00000e+00 0.00000e+00 0.00000e+00
1.56000e+02 1.29062e-13 1.74978e-11 1.57049e-10 7.21590e-11 1.04019e-10 2.44426e-11 1.13907e-14 0.00000e+00 0.00000e+00 0.00000e+00 0.00000e+00 0.00000e+00 0.00000e+00 0.00000e+00 0.00000e+00 0.00000e+00 0.00000e+00 0.00000e+00 0.00000e+00 0.00000e+00 0.00000e+00 0.00000e+00 0.00000e+00
1.68000e+02 6.03817e-12 6.10763e-11 1.34785e-10 8.05184e-11 7.09449e-11 2.50671e-11 7.20436e-13 0.00000e+00 0.00000e+00 0.00000e+00 0.00000e+00 0.00000e+00 0.00000e+00 0.00000e+00 0.00000e+00 0.00000e+00 0.00000e+00 0.00000e+00 0.00000e+00 0.00000e+00 0.00000e+00 0.00000e+00 0.00000e+00
1.82000e+02 1.01454e-12 7.05526e-11 1.48106e-10 2.52187e-10 6.92349e-11 6.11565e-11 6.13596e-13 3.27110e-19 0.00000e+00 0.00000e+00 0.00000e+00 0.00000e+00 0.00000e+00 0.00000e+00 0.00000e+00 0.00000e+00 0.00000e+00 0.00000e+00 0.00000e+00 0.00000e+00 0.00000e+00 0.00000e+00 0.00000e+00
1.97000e+02 2.06760e-13 2.38719e-11 7.26083e-11 2.38574e-10 9.58717e-11 4.39026e-11 2.01611e-13 0.00000e+00 0.00000e+00 0.00000e+00 0.00000e+00 0.00000e+00 0.00000e+00 0.00000e+00 0.00000e+00 0.00000e+00 0.00000e+00 0.00000e+00 0.00000e+00 0.00000e+00 0.00000e+00 0.00000e+00 0.00000e+00
2.14000e+02 1.32649e-12 2.12051e-11 2.62440e-10 2.24786e-10 1.45882e-10 3.49456e-11 1.04651e-11 1.77240e-14 0.00000e+00 0.00000e+00 0.00000e+00 0.00000e+00 0.00000e+00 0.00000e+00 0.00000e+00 0.00000e+00 0.00000e+00 0.00000e+00 0.00000e+00 0.00000e+00 0.00000e+00 0.00000e+00 0.00000e+00
2.31000e+02 8.37706e-14 1.93571e-11 1.35116e-10 3.33640e-10 1.96226e-10 8.58995e-11 8.36272e-12 2.11006e-13 0.00000e+00 0.00000e+00 0.00000e+00 0.00000e+00 0.00000e+00 0.00000e+00 0.00000e+00 0.00000e+00 0.00000e+00 0.00000e+00 0.00000e+00 0.00000e+00 0.00000e+00 0.00000e+00 0.00000e+00
2.50000e+02 7.20711e-12 2.77453e-11 9.82241e-11 3.33775e-10 2.06384e-10 1.80668e-10 4.72626e-12 1.71582e-14 0.00000e+00 0.00000e+00 0.00000e+00 0.00000e+00 0.00000e+00 0.00000e+00 0.00000e+00 0.00000e+00 0.00000e+00 0.00000e+00 0.00000e+00 0.00000e+00 0.00000e+00 0.00000e+00 0.00000e+00
2.71000e+02 7.82769e-13 1.46454e-11 1.10280e-10 3.13050e-10 1.77899e-10 1.41483e-10 1.21447e-11 2.59858e-11 0.00000e+00 0.00000e+00 0.00000e+00 0.00000e+00 0.00000e+00 0.00000e+00 0.00000e+00 0.00000e+00 0.00000e+00 0.00000e+00 0.00000e+00 0.00000e+00 0.00000e+00 0.00000e+00 0.00000e+00
2.93000e+02 2.05368e-13 4.47434e-11 1.86832e-10 5.37239e-10 5.84269e-10 3.13096e-10 2.06712e-11 5.21839e-13 1.18469e-16 0.00000e+00 0.00000e+00 0.00000e+00 0.00000e+00 0.00000e+00 0.00000e+00 0.00000e+00 0.00000e+00 0.00000e+00 0.00000e+00 0.00000e+00 0.00000e+00 0.00000e+00 0.00000e+00
3.17000e+02 0.00000e+00 4.02843e-13 1.74994e-10 1.58202e-10 2.35684e-10 1.43397e-10 4.86448e-11 2.32151e-12 8.16118e-15 0.00000e+00 0.00000e+00 0.00000e+00 0.00000e+00 0.00000e+00 0.00000e+00 0.00000e+00 0.00000e+00 0.00000e+00 0.00000e+00 0.00000e+00 0.00000e+00 0.00000e+00 0.00000e+00
3.44000e+02 0.00000e+00 1.88261e-12 5.97848e-10 1.70715e-10 2.89084e-10 2.57797e-10 1.66715e-10 7.78250e-12 5.65208e-15 0.00000e+00 0.00000e+00 0.00000e+00 0.00000e+00 0.00000e+00 0.00000e+00 0.00000e+00 0.00000e+00 0.00000e+00 0.00000e+00 0.00000e+00 0.00000e+00 0.00000e+00 0.00000e+00
3.72000e+02 2.26590e-10 2.39975e-11 8.63547e-11 1.79200e-10 3.44007e-10 4.05882e-10 1.09259e-10 2.25061e-11 7.84124e-15 0.00000e+00 0.00000e+00 0.00000e+00 0.00000e+00 0.00000e+00 0.00000e+00 0.00000e+00 0.00000e+00 0.00000e+00 0.00000e+00 0.00000e+00 0.00000e+00 0.00000e+00 0.00000e+00
4.02000e+02 2.59260e-13 9.17452e-11 2.42759e-10 4.23307e-10 5.35047e-10 2.84048e-10 1.25954e-10 4.89242e-11 4.73693e-12 5.13090e-15 0.00000e+00 0.00000e+00 0.00000e+00 0.00000e+00 0.00000e+00 0.00000e+00 0.00000e+00 0.00000e+00 0.00000e+00 0.00000e+00 0.00000e+00 0.00000e+00 0.00000e+00
4.36000e+02 7.88194e-12 4.99626e-11 1.81420e-10 3.79766e-10 4.25937e-10 5.01192e-10 1.94367e-10 4.65450e-11 1.53857e-12 2.50513e-14 0.00000e+00 0.00000e+00 0.00000e+00 0.00000e+00 0.00000e+00 0.00000e+00 0.00000e+00 0.00000e+00 0.00000e+00 0.00000e+00 0.00000e+00 0.00000e+00 0.00000e+00
4.71000e+02 6.81156e-13 3.09281e-11 2.32577e-10 3.13984e-10 4.24082e-10 4.18824e-10 2.20400e-10 8.93573e-11 8.87099e-12 1.47671e-13 0.00000e+00 0.00000e+00 0.00000e+00 0.00000e+00 0.00000e+00 0.00000e+00 0.00000e+00 0.00000e+00 0.00000e+00 0.00000e+00 0.00000e+00 0.00000e+00 0.00000e+00
5.10000e+02 2.43108e-12 3.03292e-11 1.79866e-10 4.14660e-10 4.55967e-10 5.44703e-10 2.19674e-10 1.18755e-10 1.39252e-11 5.06891e-13 0.00000e+00 0.00000e+00 0.00000e+00 0.00000e+00 0.00000e+00 0.00000e+00 0.00000e+00 0.00000e+00 0.00000e+00 0.00000e+00 0.00000e+00 0.00000e+00 0.00000e+00
5.52000e+02 9.61676e-13 3.50627e-10 3.80620e-10 6.67364e-10 4.29864e-10 4.71041e-10 2.22469e-10 1.14124e-10 1.28860e-11 4.98942e-12 1.42119e-17 0.00000e+00 0.00000e+00 0.00000e+00 0.00000e+00 0.00000e+00 0.00000e+00 0.00000e+00 0.00000e+00 0.00000e+00 0.00000e+00 0.00000e+00 0.00000e+00
5.98000e+02 4.01991e-15 6.09112e-11 1.51607e-10 8.70780e-10 4.56405e-10 4.58985e-10 4.01480e-10 1.61287e-10 1.25804e-11 4.43108e-13 2.56915e-15 0.00000e+00 0.00000e+00 0.00000e+00 0.00000e+00 0.00000e+00 0.00000e+00 0.00000e+00 0.00000e+00 0.00000e+00 0.00000e+00 0.00000e+00 0.00000e+00
6.47000e+02 0.00000e+00 7.05905e-11 1.79156e-10 1.30395e-09 1.55428e-09 3.76672e-10 3.45124e-10 6.72731e-11 6.32305e-11 1.42465e-14 0.00000e+00 0.00000e+00 0.00000e+00 0.00000e+00 0.00000e+00 0.00000e+00 0.00000e+00 0.00000e+00 0.00000e+00 0.00000e+00 0.00000e+00 0.00000e+00 0.00000e+00
7.00000e+02 8.37309e-11 2.46200e-11 1.55337e-10 6.20699e-10 4.52413e-10 6.03844e-10 4.64591e-10 1.20755e-10 4.48929e-11 9.71288e-12 6.02058e-15 1.32056e-17 0.00000e+00 0.00000e+00 0.00000e+00 0.00000e+00 0.00000e+00 0.00000e+00 0.00000e+00 0.00000e+00 0.00000e+00 0.00000e+00 0.00000e+00
7.58000e+02 0.00000e+00 6.87944e-11 2.34335e-10 4.59389e-10 6.42975e-10 8.09436e-10 3.42915e-10 3.08794e-10 1.44903e-10 1.59520e-11 2.78377e-15 0.00000e+00 0.00000e+00 0.00000e+00 0.00000e+00 0.00000e+00 0.00000e+00 0.00000e+00 0.00000e+00 0.00000e+00 0.00000e+00 0.00000e+00 0.00000e+00
8.20000e+02 9.55759e-13 1.66394e-11 3.98161e-10 6.48815e-10 6.45166e-10 6.28847e-10 4.95331e-10 3.50242e-10 1.15678e-10 1.11098e-11 1.20005e-12 0.00000e+00 0.00000e+00 0.00000e+00 0.00000e+00 0.00000e+00 0.00000e+00 0.00000e+00 0.00000e+00 0.00000e+00 0.00000e+00 0.00000e+00 0.00000e+00
8.88000e+02 6.88089e-14 2.56133e-11 4.75181e-10 5.47550e-10 1.16551e-09 8.48874e-10 5.31601e-10 2.76976e-10 9.71474e-11 4.77071e-11 1.21095e-12 1.28243e-16 0.00000e+00 0.00000e+00 0.00000e+00 0.00000e+00 0.00000e+00 0.00000e+00 0.00000e+00 0.00000e+00 0.00000e+00 0.00000e+00 0.00000e+00
9.61000e+02 5.41727e-13 3.75210e-11 1.46323e-10 4.64344e-10 7.70905e-10 1.03412e-09 5.98174e-10 3.76516e-10 1.05306e-10 2.33725e-11 6.03415e-12 5.04730e-15 0.00000e+00 0.00000e+00 0.00000e+00 0.00000e+00 0.00000e+00 0.00000e+00 0.00000e+00 0.00000e+00 0.00000e+00 0.00000e+00 0.00000e+00
1.04000e+03 4.12747e-13 8.57430e-11 3.28239e-10 7.81931e-10 8.29589e-10 8.40230e-10 7.50749e-10 4.52757e-10 8.66160e-11 4.20510e-11 3.83842e-12 4.83886e-13 0.00000e+00 0.00000e+00 0.00000e+00 0.00000e+00 0.00000e+00 0.00000e+00 0.00000e+00 0.00000e+00 0.00000e+00 0.00000e+00 0.00000e+00
1.12500e+03 8.00394e-13 1.75796e-10 6.07200e-10 5.40274e-10 7.86903e-10 1.04404e-09 6.54188e-10 4.05277e-10 1.41632e-10 5.42547e-11 4.19117e-12 1.98159e-12 4.08824e-18 0.00000e+00 0.00000e+00 0.00000e+00 0.00000e+00 0.00000e+00 0.00000e+00 0.00000e+00 0.00000e+00 0.00000e+00 0.00000e+00
1.21800e+03 3.34060e-12 1.41125e-10 5.41090e-10 7.45814e-10 9.12509e-10 1.25619e-09 8.33960e-10 5.47907e-10 1.96392e-10 6.78621e-11 1.01490e-11 1.13119e-13 4.17087e-16 0.00000e+00 0.00000e+00 0.00000e+00 0.00000e+00 0.00000e+00 0.00000e+00 0.00000e+00 0.00000e+00 0.00000e+00 0.00000e+00
1.31800e+03 9.80244e-13 1.31025e-10 3.38473e-10 8.17785e-10 8.91285e-10 1.16932e-09 7.47822e-10 4.97628e-10 2.33623e-10 6.76801e-11 1.79805e-11 4.55600e-13 1.14802e-15 0.00000e+00 0.00000e+00 0.00000e+00 0.00000e+00 0.00000e+00 0.00000e+00 0.00000e+00 0.00000e+00 0.00000e+00 0.00000e+00
1.42700e+03 1.61444e-13 5.01925e-11 3.21848e-10 8.77670e-10 9.95804e-10 1.18330e-09 9.83111e-10 4.68411e-10 2.65724e-10 9.45698e-11 3.84657e-11 1.56845e-12 3.27702e-15 0.00000e+00 0.00000e+00 0.00000e+00 0.00000e+00 0.00000e+00 0.00000e+00 0.00000e+00 0.00000e+00 0.00000e+00 0.00000e+00
1.54400e+03 2.37833e-13 3.89401e-11 1.73061e-10 7.60615e-10 9.76100e-10 1.05300e-09 8.44415e-10 5.98645e-10 2.61741e-10 1.12452e-10 2.45309e-11 1.77714e-12 4.04207e-14 0.00000e+00 0.00000e+00 0.00000e+00 0.00000e+00 0.00000e+00 0.00000e+00 0.00000e+00 0.00000e+00 0.00000e+00 0.00000e+00
1.67100e+03 1.89440e-13 2.16628e-11 2.58443e-10 8.34384e-10 1.28667e-09 1.00811e-09 9.34422e-10 7.51337e-10 3.52246e-10 1.44573e-10 4.56636e-11 5.62629e-12 1.58837e-13 0.00000e+00 0.00000e+00 0.00000e+00 0.00000e+00 0.00000e+00 0.00000e+00 0.00000e+00 0.00000e+00 0.00000e+00 0.00000e+00
1.80800e+03 8.01999e-12 2.64825e-12 7.98310e-10 1.42489e-09 2.05321e-09 1.09167e-09 1.01721e-09 7.20009e-10 3.18931e-10 1.67596e-10 2.70514e-11 2.94246e-12 2.76575e-12 0.00000e+00 0.00000e+00 0.00000e+00 0.00000e+00 0.00000e+00 0.00000e+00 0.00000e+00 0.00000e+00 0.00000e+00 0.00000e+00
1.95700e+03 4.98306e-14 3.76980e-12 4.69371e-10 1.43581e-10 3.28522e-10 9.03073e-10 1.49906e-09 6.01086e-10 5.15693e-10 1.73289e-10 1.02530e-10 1.63210e-12 6.08078e-14 0.00000e+00 0.00000e+00 0.00000e+00 0.00000e+00 0.00000e+00 0.00000e+00 0.00000e+00 0.00000e+00 0.00000e+00 0.00000e+00
2.11800e+03 5.86900e-14 1.49321e-10 5.14403e-11 2.64864e-10 1.95316e-09 4.74115e-10 1.39058e-09 6.78435e-10 2.00230e-10 3.05071e-10 2.90661e-11 1.08597e-11 1.48302e-13 0.00000e+00 0.00000e+00 0.00000e+00 0.00000e+00 0.00000e+00 0.00000e+00 0.00000e+00 0.00000e+00 0.00000e+00 0.00000e+00
2.29200e+03 2.61511e-12 9.28202e-11 1.64081e-10 1.24030e-09 1.07831e-09 1.28498e-09 1.42825e-09 9.72657e-10 6.02456e-10 3.30518e-10 9.83325e-11 3.44816e-11 1.27211e-12 9.25452e-14 4.02281e-17 0.00000e+00 0.00000e+00 0.00000e+00 0.00000e+00 0.00000e+00 0.00000e+00 0.00000e+00 0.00000e+00
2.48100e+03 1.37365e-13 3.36666e-11 5.58197e-10 9.01931e-10 1.27790e-09 1.71036e-09 1.30159e-09 9.79202e-10 7.08985e-10 2.95480e-10 1.86685e-10 3.79342e-11 7.56522e-12 1.09247e-14 4.20446e-16 0.00000e+00 0.00000e+00 0.00000e+00 0.00000e+00 0.00000e+00 0.00000e+00 0.00000e+00 0.00000e+00
2.68500e+03 1.54114e-12 1.08434e-09 3.05572e-10 8.85030e-10 1.07831e-09 1.85813e-09 1.63410e-09 9.70206e-10 6.93244e-10 3.45408e-10 1.17826e-10 3.01585e-11 4.42014e-12 2.19166e-13 0.00000e+00 0.00000e+00 0.00000e+00 0.00000e+00 0.00000e+00 0.00000e+00 0.00000e+00 0.00000e+00 0.00000e+00
2.90600e+03 9.66860e-11 1.12826e-10 2.15917e-10 6.24072e-10 1.64797e-09 2.19789e-09 1.25558e-09 1.02010e-09 7.75515e-10 4.47349e-10 1.12977e-10 4.68262e-11 6.07468e-12 3.85766e-13 4.65388e-15 0.00000e+00 0.00000e+00 0.00000e+00 0.00000e+00 0.00000e+00 0.00000e+00 0.00000e+00 0.00000e+00
3.14500e+03 6.55004e-15 9.58415e-12 8.21501e-10 3.78745e-10 9.97683e-10 9.27166e-10 1.25814e-09 1.08920e-09 7.92409e-10 5.26097e-10 1.30080e-10 3.61604e-11 2.29871e-11 2.89987e-12 1.65381e-14 0.00000e+00 0.00000e+00 0.00000e+00 0.00000e+00 0.00000e+00 0.00000e+00 0.00000e+00 0.00000e+00
3.40400e+03 4.96259e-12 7.62028e-11 1.91011e-10 4.76279e-10 1.17314e-09 1.68716e-09 1.55781e-09 1.05638e-09 1.09783e-09 6.08292e-10 2.21952e-10 6.15765e-11 1.90977e-11 2.17428e-12 6.98063e-15 0.00000e+00 0.00000e+00 0.00000e+00 0.00000e+00 0.00000e+00 0.00000e+00 0.00000e+00 0.00000e+00
3.68400e+03 7.59287e-12 4.12325e-12 8.80880e-10 1.39528e-09 1.16905e-09 2.23324e-09 1.44871e-09 1.34714e-09 1.06110e-09 5.58014e-10 2.25042e-10 1.13029e-10 3.26830e-11 1.90234e-13 5.89202e-14 0.00000e+00 0.00000e+00 0.00000e+00 0.00000e+00 0.00000e+00 0.00000e+00 0.00000e+00 0.00000e+00
3.98600e+03 0.00000e+00 2.86523e-10 1.14541e-10 5.75727e-10 1.60991e-09 1.50555e-09 1.79628e-09 1.03087e-09 1.07148e-09 3.63520e-10 2.85739e-10 1.12594e-10 4.44695e-11 2.87362e-12 1.19526e-13 0.00000e+00 0.00000e+00 0.00000e+00 0.00000e+00 0.00000e+00 0.00000e+00 0.00000e+00 0.00000e+00
4.31400e+03 8.72248e-12 2.71310e-12 8.47098e-10 6.94701e-10 1.71091e-09 1.86269e-09 1.80987e-09 1.40341e-09 1.28068e-09 5.99639e-10 2.71955e-10 1.12173e-10 6.67253e-11 8.83219e-12 2.67058e-13 8.63891e-17 0.00000e+00 0.00000e+00 0.00000e+00 0.00000e+00 0.00000e+00 0.00000e+00 0.00000e+00
4.66900e+03 1.87584e-14 1.61287e-11 1.98380e-10 8.69603e-10 1.46262e-09 2.50232e-09 2.31350e-09 1.31288e-09 1.09822e-09 6.28925e-10 6.65484e-10 5.46356e-11 3.17934e-11 8.81360e-12 2.25871e-11 0.00000e+00 0.00000e+00 0.00000e+00 0.00000e+00 0.00000e+00 0.00000e+00 0.00000e+00 0.00000e+00
5.05300e+03 1.62475e-12 4.91679e-11 8.74089e-10 7.06020e-10 6.81693e-10 1.35778e-09 1.35528e-09 1.70833e-09 1.54460e-09 7.06214e-10 4.70808e-10 1.98433e-10 1.12947e-10 2.71686e-11 8.74730e-13 0.00000e+00 0.00000e+00 0.00000e+00 0.00000e+00 0.00000e+00 0.00000e+00 0.00000e+00 0.00000e+00
5.46900e+03 1.28356e-16 5.62511e-12 7.11660e-10 1.89750e-09 1.58326e-09 1.65666e-09 1.68393e-09 2.01185e-09 1.08528e-09 6.55950e-10 4.86024e-10 1.37084e-10 9.78009e-11 1.19561e-11 9.27865e-12 2.64605e-16 0.00000e+00 0.00000e+00 0.00000e+00 0.00000e+00 0.00000e+00 0.00000e+00 0.00000e+00
5.91900e+03 0.00000e+00 4.26932e-11 1.14067e-09 1.85088e-09 2.46810e-09 1.85796e-09 2.93360e-09 2.06804e-09 1.59692e-09 7.39689e-10 5.09970e-10 1.56200e-10 1.05107e-10 3.27400e-11 8.84423e-12 5.02044e-15 0.00000e+00 0.00000e+00 0.00000e+00 0.00000e+00 0.00000e+00 0.00000e+00 0.00000e+00
6.40500e+03 0.00000e+00 1.46461e-12 2.78403e-10 8.62627e-10 1.25493e-09 1.72217e-09 1.62804e-09 1.45568e-09 1.66217e-09 1.18805e-09 5.50651e-10 2.05073e-10 5.10019e-11 6.50980e-11 2.75863e-12 5.63106e-12 4.76930e-19 0.00000e+00 0.00000e+00 0.00000e+00 0.00000e+00 0.00000e+00 0.00000e+00
6.93200e+03 1.60352e-14 1.28098e-09 8.88737e-10 4.93627e-10 1.04566e-09 1.13803e-09 2.59790e-09 1.36882e-09 1.31694e-09 7.01513e-10 5.25021e-10 1.45186e-10 8.19914e-11 6.48396e-11 9.41730e-13 4.64253e-14 0.00000e+00 0.00000e+00 0.00000e+00 0.00000e+00 0.00000e+00 0.00000e+00 0.00000e+00
7.50200e+03 2.09519e-12 1.30687e-09 1.73987e-10 3.03089e-10 9.99458e-10 1.41998e-09 2.34322e-09 2.41217e-09 1.61301e-09 6.93773e-10 5.31473e-10 1.78726e-10 1.31291e-10 3.35202e-11 5.20796e-12 3.61537e-13 1.23681e-17 0.00000e+00 0.00000e+00 0.00000e+00 0.00000e+00 0.00000e+00 0.00000e+00
8.11900e+03 4.37716e-14 1.10465e-10 3.04214e-10 1.05898e-09 1.93551e-09 1.56182e-09 1.84869e-09 1.76400e-09 1.71318e-09 1.04261e-09 7.91814e-10 3.83787e-10 1.53925e-10 3.41890e-11 6.37089e-12 2.41812e-13 7.71859e-16 0.00000e+00 0.00000e+00 0.00000e+00 0.00000e+00 0.00000e+00 0.00000e+00
8.78700e+03 6.96984e-15 2.48566e-10 1.41201e-09 1.29994e-09 1.25893e-09 2.25155e-09 1.76269e-09 2.28692e-09 1.61785e-09 1.22694e-09 7.98200e-10 3.27567e-10 1.74434e-10 8.80973e-11 1.90850e-11 1.67869e-11 7.06401e-15 0.00000e+00 0.00000e+00 0.00000e+00 0.00000e+00 0.00000e+00 0.00000e+00
9.51000e+03 1.63230e-14 1.40272e-11 5.91142e-11 9.64999e-10 1.68499e-09 2.22307e-09 1.29859e-09 2.76233e-09 1.76161e-09 1.24238e-09 7.52489e-10 3.93961e-10 2.62000e-10 3.77049e-11 2.20915e-11 3.73913e-12 5.31413e-14 0.00000e+00 0.00000e+00 0.00000e+00 0.00000e+00 0.00000e+00 0.00000e+00
1.02920e+04 0.00000e+00 8.21168e-12 8.34799e-10 4.89315e-10 2.01982e-09 2.31411e-09 2.25408e-09 1.75283e-09 2.01801e-09 1.13760e-09 6.61576e-10 5.19411e-10 2.11753e-10 9.28207e-11 3.54870e-11 1.60632e-11 2.85074e-13 0.00000e+00 0.00000e+00 0.00000e+00 0.00000e+00 0.00000e+00 0.00000e+00
1.11380e+04 0.00000e+00 5.63736e-11 8.69836e-10 9.80432e-10 1.39044e-09 3.87599e-09 2.64400e-09 2.35200e-09 1.99362e-09 1.27897e-09 6.98323e-10 3.95348e-10 1.54866e-10 9.21923e-11 2.32427e-11 5.36557e-12 4.12259e-13 3.00283e-18 0.00000e+00 0.00000e+00 0.00000e+00 0.00000e+00 0.00000e+00
1.20540e+04 8.48309e-13 6.91887e-12 2.93555e-09 2.13843e-10 1.84052e-09 3.25066e-09 3.08138e-09 2.92924e-09 1.37810e-09 1.44350e-09 9.47554e-10 5.44877e-10 2.46706e-10 8.12072e-11 2.24757e-11 4.50032e-12 3.00009e-12 1.71926e-15 0.00000e+00 0.00000e+00 0.00000e+00 0.00000e+00 0.00000e+00
1.30460e+04 4.47358e-13 8.53531e-12 1.30972e-10 4.23809e-10 1.80860e-09 1.81778e-09 2.14822e-09 2.79452e-09 2.73931e-09 1.35725e-09 9.92313e-10 5.03076e-10 3.84671e-10 1.07179e-10 9.88606e-11 3.04421e-11 7.25151e-12 5.69272e-13 0.00000e+00 0.00000e+00 0.00000e+00 0.00000e+00 0.00000e+00
1.41190e+04 0.00000e+00 3.08188e-11 3.01955e-10 4.91110e-10 1.25783e-09 1.51911e-09 1.96841e-09 2.88970e-09 2.36125e-09 1.34449e-09 7.57747e-10 4.16850e-10 2.44237e-10 1.17119e-10 5.28845e-11 4.34213e-12 6.39503e-12 1.85508e-14 0.00000e+00 0.00000e+00 0.00000e+00 0.00000e+00 0.00000e+00
1.52800e+04 0.00000e+00 1.66012e-12 1.15279e-09 1.64515e-09 2.14062e-09 2.06045e-09 2.86778e-09 3.46805e-09 2.07181e-09 1.95112e-09 9.45108e-10 7.01613e-10 2.22249e-10 1.64484e-10 4.84609e-11 1.79854e-11 2.12661e-12 1.49605e-14 1.09997e-17 0.00000e+00 0.00000e+00 0.00000e+00 0.00000e+00
1.65360e+04 2.40806e-15 4.34882e-12 6.23974e-10 6.40372e-10 1.25835e-09 2.75896e-09 2.82833e-09 1.75856e-09 2.15221e-09 1.83832e-09 9.56780e-10 5.31598e-10 3.38653e-10 2.06841e-10 7.18520e-11 1.56455e-11 2.84430e-12 2.90429e-13 0.00000e+00 0.00000e+00 0.00000e+00 0.00000e+00 0.00000e+00
1.78960e+04 1.49725e-12 1.95563e-12 1.28724e-09 2.99707e-09 2.76365e-09 2.41383e-09 3.73341e-09 3.54623e-09 2.13312e-09 1.60079e-09 1.46307e-09 6.21728e-10 3.95703e-10 1.87011e-10 9.25739e-11 5.56136e-11 2.19033e-12 3.42076e-13 0.00000e+00 8.41260e-17 0.00000e+00 0.00000e+00 0.00000e+00
1.93680e+04 0.00000e+00 2.88554e-13 2.09073e-09 2.09900e-10 2.02299e-09 2.22225e-09 2.82687e-09 2.92858e-09 2.37765e-09 1.71601e-09 1.04553e-09 7.82374e-10 3.73066e-10 3.01493e-10 9.54053e-11 3.49169e-11 1.74971e-11 2.17124e-12 4.34082e-13 2.87872e-15 0.00000e+00 0.00000e+00 0.00000e+00
2.09610e+04 2.28869e-13 6.71418e-11 6.64257e-10 5.82504e-09 3.34174e-09 2.56382e-09 2.90471e-09 3.37501e-09 3.11636e-09 2.42931e-09 9.02669e-10 9.54840e-10 5.10817e-10 2.29300e-10 9.41206e-11 3.91586e-11 1.76795e-11 4.06612e-13 1.52916e-14 0.00000e+00 0.00000e+00 0.00000e+00 0.00000e+00
2.26850e+04 1.10905e-10 5.87291e-12 7.89760e-11 1.11228e-09 3.36067e-09 2.96397e-09 3.80554e-09 2.97197e-09 2.30470e-09 1.72999e-09 1.62119e-09 1.14534e-09 4.22815e-10 3.35034e-10 1.13921e-10 4.75601e-11 1.36251e-11 6.66290e-13 4.92513e-13 0.00000e+00 0.00000e+00 0.00000e+00 0.00000e+00
2.45500e+04 5.33053e-13 1.07628e-11 1.25380e-10 1.29223e-09 7.99885e-10 3.37224e-09 3.36700e-09 3.46999e-09 2.03091e-09 2.20743e-09 1.22386e-09 9.61407e-10 7.40956e-10 2.36044e-10 6.98117e-11 4.87326e-11 7.55026e-12 4.30922e-12 9.28705e-14 2.44068e-13 0.00000e+00 0.00000e+00 0.00000e+00
2.65690e+04 2.43140e-14 1.31568e-11 2.66713e-10 1.85806e-09 2.29305e-09 4.69625e-09 4.30793e-09 3.30592e-09 2.98021e-09 2.31865e-09 1.40663e-09 1.02287e-09 6.21910e-10 3.84542e-10 1.47215e-10 8.85203e-11 2.66137e-11 1.90212e-12 1.40123e-12 1.21052e-14 0.00000e+00 0.00000e+00 0.00000e+00
2.87540e+04 0.00000e+00 2.80754e-11 4.75013e-10 2.03266e-09 3.33165e-09 3.54716e-09 4.24240e-09 3.63862e-09 3.13799e-09 2.13328e-09 2.11443e-09 9.57045e-10 5.87488e-10 3.53945e-10 1.52372e-10 4.59458e-11 1.92155e-11 4.12468e-12 4.31528e-13 4.14576e-15 0.00000e+00 0.00000e+00 0.00000e+00
3.11190e+04 0.00000e+00 5.97623e-11 2.68300e-10 1.79496e-09 2.72347e-09 3.85371e-09 3.56074e-09 2.51663e-09 3.60552e-09 2.67366e-09 1.79782e-09 1.22160e-09 7.24294e-10 2.68039e-10 2.03574e-10 8.33465e-11 2.04102e-11 1.79887e-11 6.89822e-12 1.41787e-14 0.00000e+00 0.00000e+00 0.00000e+00
3.36780e+04 0.00000e+00 3.31788e-12 2.03128e-10 3.71875e-09 2.59436e-09 2.23978e-09 4.48338e-09 2.40164e-09 2.87889e-09 2.52561e-09 1.68648e-09 1.18677e-09 6.67106e-10 3.72422e-10 2.03368e-10 1.16595e-10 2.21403e-11 2.16408e-11 3.56099e-12 5.31941e-13 1.99977e-15 0.00000e+00 0.00000e+00
3.64480e+04 0.00000e+00 2.64856e-11 2.72924e-10 1.18531e-09 3.28236e-09 3.29956e-09 4.66031e-09 2.81651e-09 3.31706e-09 2.47180e-09 1.93647e-09 1.16947e-09 9.44555e-10 4.56301e-10 2.14685e-10 7.55046e-11 2.81747e-11 2.26577e-11 3.09895e-12 3.59407e-14 1.29317e-16 0.00000e+00 0.00000e+00
3.94450e+04 1.38587e-11 1.03111e-10 5.41307e-10 1.10761e-09 1.74621e-09 4.52512e-09 5.07732e-09 5.57536e-09 3.30478e-09 2.76762e-09 2.32220e-09 1.30070e-09 8.05331e-10 4.47051e-10 2.32794e-10 1.31444e-10 4.70119e-11 1.97327e-11 6.76917e-12 2.57938e-13 9.92943e-16 0.00000e+00 0.00000e+00
4.26890e+04 3.35234e-15 1.26700e-10 3.05554e-10 2.78614e-10 8.36909e-10 4.05699e-09 4.17507e-09 3.97284e-09 3.48149e-09 3.01224e-09 2.18942e-09 1.19660e-09 6.86862e-10 4.74002e-10 2.84805e-10 1.29010e-10 6.67680e-11 1.96482e-11 1.41791e-12 3.65815e-13 1.70047e-16 0.00000e+00 0.00000e+00
4.62000e+04 1.09534e-13 6.37754e-11 5.45639e-10 3.00232e-09 3.65918e-09 4.16248e-09 3.86061e-09 4.41519e-09 3.78104e-09 2.61899e-09 2.14498e-09 1.85587e-09 1.02750e-09 6.28076e-10 2.77955e-10 1.91017e-10 5.71105e-11 3.43727e-11 9.59933e-12 2.87584e-13 7.27962e-16 0.00000e+00 0.00000e+00
4.99990e+04 0.00000e+00 1.09757e-11 4.29471e-09 9.08522e-10 4.84949e-09 4.57106e-09 3.32709e-09 4.14363e-09 3.81055e-09 3.29431e-09 2.01378e-09 1.61325e-09 9.65596e-10 6.27291e-10 3.23880e-10 1.76221e-10 5.37275e-11 2.87932e-11 7.78968e-12 8.19211e-13 8.39049e-14 2.76462e-19 0.00000e+00
